ADDR |  SYS |  PAR |  APR
---------------------------
000  |   -1 |    1 |    2
001  |   -4 |   -1 |    2
002  |    5 |    2 |   -1
003  |    7 |    6 |   -2
004  |    3 |    6 |    0
005  |    0 |    1 |   -1
006  |    5 |   -1 |   -2
007  |   -3 |    4 |    2
008  |   -1 |   -7 |   -2
009  |    2 |    4 |   -2
00A  |   -5 |    0 |   -2
00B  |   -1 |   -4 |    0
00C  |    3 |   -5 |   -2
00D  |    3 |    6 |    0
00E  |    0 |    5 |    2
00F  |   -3 |   -1 |    0
010  |   -4 |    4 |    2
011  |    0 |   -5 |    2
012  |    0 |    0 |    0
013  |   -5 |   -2 |   -1
014  |   -2 |   -3 |    1
015  |   -3 |   -4 |   -2
016  |   -6 |    0 |    1
017  |    0 |    0 |   -2
018  |    4 |    4 |   -2
019  |    6 |   -7 |    2
01A  |   -2 |    1 |   -2
01B  |   -6 |    6 |   -2
01C  |    4 |   -3 |    0
01D  |   -3 |   -4 |    1
01E  |   -7 |   -2 |    0
01F  |    4 |   -2 |   -2
020  |    2 |   -6 |    2
021  |   -2 |    0 |    0
022  |    5 |   -1 |    0
023  |    4 |   -7 |   -1
024  |    1 |   -3 |   -2
025  |   -7 |    4 |    2
026  |    3 |   -2 |    0
027  |    3 |   -4 |    0
028  |    7 |   -6 |    2
029  |    2 |    5 |   -2
02A  |    4 |    6 |   -1
02B  |    4 |   -4 |    0
02C  |    7 |   -7 |   -1
02D  |    6 |   -1 |    1
02E  |    6 |   -6 |   -2
02F  |    7 |    5 |    1
030  |    6 |   -6 |    1
031  |   -5 |    1 |    1
032  |    4 |   -3 |   -2
033  |   -1 |   -6 |   -2
034  |   -4 |    3 |    2
035  |    1 |    1 |   -1
036  |   -5 |    1 |   -1
037  |   -3 |   -7 |    2
038  |   -5 |    3 |    2
039  |   -1 |   -5 |    1
03A  |   -3 |   -4 |    2
03B  |    1 |    6 |    0
03C  |   -1 |   -1 |   -1
03D  |   -6 |    2 |    2
03E  |   -4 |   -4 |    0
03F  |    1 |   -6 |    0
040  |    4 |   -1 |    0
041  |    6 |   -2 |    0
042  |   -6 |   -5 |    1
043  |    2 |   -2 |    0
044  |    1 |    3 |    1
045  |    2 |    7 |    1
046  |   -3 |   -2 |    0
047  |   -6 |    4 |   -1
048  |   -4 |   -3 |    0
049  |    4 |   -4 |    0
04A  |    7 |    2 |    0
04B  |    4 |    4 |   -1
04C  |   -1 |    7 |   -2
04D  |    4 |   -7 |   -2
04E  |    5 |    2 |    1
04F  |    0 |   -2 |    1
050  |    7 |   -6 |   -1
051  |   -5 |    5 |    2
052  |    6 |   -5 |   -2
053  |   -7 |    6 |    1
054  |   -4 |    0 |   -2
055  |   -6 |    2 |   -1
056  |    0 |    6 |   -1
057  |   -4 |    6 |    2
058  |   -6 |   -2 |    2
059  |    6 |   -5 |   -1
05A  |   -2 |   -1 |    1
05B  |   -2 |   -4 |   -2
05C  |    2 |    6 |    0
05D  |   -4 |    1 |    2
05E  |   -2 |    7 |    0
05F  |    5 |   -3 |    1
060  |    7 |   -5 |    2
061  |   -6 |   -6 |    0
062  |    2 |    3 |    1
063  |    4 |   -6 |   -2
064  |   -6 |   -5 |    1
065  |    2 |   -6 |    2
066  |    6 |    6 |   -1
067  |   -4 |   -4 |   -2
068  |    6 |   -6 |    0
069  |    7 |    2 |    2
06A  |    7 |    1 |   -1
06B  |    0 |   -6 |    1
06C  |    6 |    1 |   -1
06D  |   -1 |    5 |    2
06E  |    4 |   -2 |    2
06F  |    1 |   -7 |   -1
070  |    6 |   -4 |    1
071  |    0 |    7 |   -1
072  |   -3 |    6 |    2
073  |    5 |   -7 |    2
074  |   -6 |    6 |    0
075  |    7 |   -2 |    0
076  |   -3 |    6 |   -2
077  |    0 |    5 |    2
078  |    2 |   -4 |    0
079  |    1 |   -5 |   -1
07A  |    4 |   -5 |    1
07B  |    4 |    1 |   -1
07C  |    4 |   -2 |    1
07D  |    5 |    1 |    0
07E  |    1 |    5 |   -2
07F  |    5 |   -3 |   -1
080  |    7 |   -6 |   -1
081  |    5 |    0 |   -1
082  |   -7 |   -3 |    1
083  |    1 |   -6 |    0
084  |   -1 |   -4 |   -1
085  |    1 |    1 |   -1
086  |    0 |    7 |   -2
087  |   -7 |   -4 |   -2
088  |    4 |    5 |    0
089  |    0 |    4 |    0
08A  |    0 |    4 |    2
08B  |    7 |    4 |   -2
08C  |    3 |    5 |    2
08D  |   -5 |    7 |    1
08E  |   -7 |    6 |    2
08F  |    0 |   -4 |   -1
090  |   -5 |   -6 |    2
091  |   -5 |    5 |    0
092  |   -7 |    4 |    1
093  |    3 |    7 |   -1
094  |   -3 |   -2 |    2
095  |    2 |    5 |    1
096  |   -1 |    3 |    1
097  |    2 |    6 |   -1
098  |    1 |   -6 |    2
099  |    4 |    4 |    1
09A  |   -1 |   -1 |    1
09B  |    1 |   -5 |   -2
09C  |    0 |    7 |    1
09D  |    4 |   -5 |   -2
09E  |   -6 |   -3 |    2
09F  |   -7 |   -5 |    2
0A0  |   -1 |   -6 |    2
0A1  |   -1 |    2 |    0
0A2  |    6 |    1 |    2
0A3  |    0 |   -6 |    1
0A4  |   -3 |    6 |   -1
0A5  |   -5 |    3 |   -2
0A6  |    4 |   -6 |    0
0A7  |    0 |    5 |    2
0A8  |   -2 |    7 |    2
0A9  |    3 |    0 |   -1
0AA  |   -5 |    7 |   -1
0AB  |   -7 |    1 |    0
0AC  |   -5 |   -1 |   -2
0AD  |   -3 |   -5 |    2
0AE  |    7 |    1 |    0
0AF  |    6 |   -5 |    1
0B0  |   -5 |   -3 |    1
0B1  |   -7 |    1 |    0
0B2  |   -3 |    4 |    2
0B3  |    2 |    6 |    0
0B4  |   -1 |    6 |    2
0B5  |    7 |   -5 |   -1
0B6  |    6 |   -1 |    0
0B7  |   -1 |    4 |    2
0B8  |    3 |   -7 |    0
0B9  |    1 |   -4 |    0
0BA  |    7 |   -4 |    2
0BB  |    7 |   -1 |    2
0BC  |    2 |    0 |   -2
0BD  |    2 |   -7 |    0
0BE  |    4 |   -3 |    1
0BF  |    5 |   -1 |    0
0C0  |   -5 |    4 |    0
0C1  |    7 |   -4 |    2
0C2  |   -1 |    5 |    0
0C3  |   -7 |   -4 |    0
0C4  |   -4 |   -4 |    1
0C5  |    5 |    4 |    2
0C6  |   -4 |   -2 |    0
0C7  |    6 |   -1 |   -1
0C8  |   -3 |   -6 |   -2
0C9  |   -1 |    7 |    1
0CA  |   -1 |   -3 |    0
0CB  |    5 |   -4 |   -1
0CC  |    7 |    7 |    0
0CD  |    3 |    6 |    0
0CE  |    5 |    5 |    2
0CF  |   -4 |   -5 |    2
0D0  |    5 |   -1 |    2
0D1  |   -1 |    3 |   -1
0D2  |    3 |    4 |    0
0D3  |   -5 |   -2 |   -2
0D4  |   -2 |    6 |    1
0D5  |    4 |   -1 |    2
0D6  |   -6 |   -3 |    2
0D7  |    2 |    5 |    0
0D8  |    5 |   -2 |    0
0D9  |    6 |   -3 |   -1
0DA  |    1 |    6 |   -1
0DB  |   -3 |   -1 |    2
0DC  |   -2 |   -6 |    0
0DD  |    4 |    6 |   -2
0DE  |    4 |    3 |    1
0DF  |    4 |   -3 |    0
0E0  |    4 |   -2 |    0
0E1  |   -4 |   -2 |   -1
0E2  |    6 |    7 |    1
0E3  |    6 |   -3 |    2
0E4  |    3 |    2 |    0
0E5  |    2 |   -1 |    2
0E6  |   -1 |    2 |    0
0E7  |    4 |    0 |    2
0E8  |    1 |   -1 |    1
0E9  |   -1 |   -3 |   -1
0EA  |    6 |   -7 |    1
0EB  |   -7 |    5 |   -2
0EC  |   -7 |   -3 |   -1
0ED  |    1 |    2 |    1
0EE  |    3 |   -6 |   -2
0EF  |    6 |    5 |    0
0F0  |    1 |   -3 |    0
0F1  |   -4 |   -3 |    2
0F2  |    5 |   -6 |   -1
0F3  |    1 |   -3 |    0
0F4  |   -5 |    5 |   -1
0F5  |   -1 |   -4 |    0
0F6  |   -2 |   -7 |    2
0F7  |    0 |   -5 |    1
0F8  |    3 |   -7 |    2
0F9  |    1 |    4 |   -2
0FA  |    6 |    3 |    0
0FB  |   -3 |    7 |   -2
0FC  |   -7 |   -3 |   -2
0FD  |   -5 |   -4 |   -1
0FE  |    2 |   -1 |    0
0FF  |    4 |   -3 |   -2
100  |    0 |    2 |    1
101  |    7 |    6 |   -2
102  |    3 |   -4 |    1
103  |   -2 |   -6 |   -1
104  |    0 |   -4 |   -2
105  |    1 |    4 |    2
106  |   -4 |   -6 |   -1
107  |   -7 |    0 |    1
108  |    6 |   -5 |   -1
109  |   -7 |    1 |   -2
10A  |    2 |    5 |    0
10B  |   -4 |   -4 |    0
10C  |    4 |    5 |    1
10D  |    6 |   -2 |    1
10E  |   -1 |    2 |    0
10F  |   -6 |   -3 |    1
110  |   -5 |    2 |   -1
111  |   -7 |    5 |    2
112  |   -3 |   -7 |    2
113  |   -7 |    1 |   -1
114  |    0 |   -7 |    2
115  |   -7 |    0 |   -2
116  |    3 |    1 |   -1
117  |   -7 |    1 |    1
118  |   -6 |   -7 |   -1
119  |   -6 |   -6 |    0
11A  |    4 |    4 |    1
11B  |   -2 |    5 |    0
11C  |   -1 |   -7 |    1
11D  |   -3 |    2 |    2
11E  |   -7 |   -6 |   -1
11F  |   -7 |    2 |   -2
120  |   -5 |    4 |    1
121  |    6 |    0 |    1
122  |   -6 |   -3 |    0
123  |   -3 |    4 |    2
124  |    4 |    3 |    0
125  |    2 |   -1 |    0
126  |   -2 |   -6 |    2
127  |   -1 |    0 |   -2
128  |   -4 |    3 |    0
129  |   -1 |   -2 |    0
12A  |    3 |    0 |    1
12B  |    0 |   -7 |    2
12C  |    3 |    7 |   -1
12D  |   -7 |   -7 |   -2
12E  |    7 |    4 |   -2
12F  |   -2 |   -1 |    2
130  |    0 |    0 |    1
131  |   -3 |    5 |    1
132  |   -4 |   -5 |    2
133  |   -6 |   -3 |    1
134  |   -2 |    4 |   -2
135  |   -2 |   -7 |   -2
136  |    3 |   -1 |   -1
137  |    7 |   -3 |    2
138  |   -7 |    0 |    0
139  |    1 |    5 |    0
13A  |    4 |    0 |   -1
13B  |    3 |    1 |   -1
13C  |   -2 |   -1 |    1
13D  |    5 |    3 |   -1
13E  |   -5 |   -7 |   -1
13F  |   -4 |    5 |    0
140  |    4 |   -5 |    1
141  |    3 |    0 |   -1
142  |   -4 |   -5 |   -1
143  |   -5 |    0 |    1
144  |    2 |   -7 |    2
145  |   -5 |   -3 |    1
146  |    7 |   -4 |    0
147  |   -5 |   -3 |    2
148  |   -4 |    0 |   -2
149  |   -1 |    2 |    1
14A  |   -4 |    7 |    0
14B  |    1 |    6 |    2
14C  |   -7 |   -4 |    1
14D  |    0 |    3 |   -1
14E  |   -1 |   -4 |    1
14F  |   -6 |    7 |   -2
150  |    0 |   -5 |    1
151  |   -7 |   -1 |    2
152  |    3 |   -5 |    2
153  |    4 |    4 |    1
154  |    1 |   -5 |    2
155  |    1 |    3 |   -1
156  |   -6 |    2 |    1
157  |   -1 |   -3 |   -1
158  |    7 |   -3 |   -1
159  |    6 |    6 |    0
15A  |    2 |   -2 |    1
15B  |   -5 |    0 |    2
15C  |   -1 |    2 |   -1
15D  |    4 |   -2 |    0
15E  |    2 |    7 |    1
15F  |    1 |    4 |    1
160  |   -4 |   -7 |   -2
161  |    4 |    7 |   -2
162  |   -7 |    0 |   -1
163  |   -6 |    0 |   -2
164  |   -7 |    1 |   -1
165  |    6 |    1 |    2
166  |    4 |   -6 |   -1
167  |   -3 |    7 |   -2
168  |   -3 |   -6 |    2
169  |    3 |   -5 |   -2
16A  |   -1 |   -7 |   -1
16B  |    1 |   -4 |    0
16C  |    1 |    6 |    1
16D  |   -5 |   -4 |   -2
16E  |   -5 |    6 |   -1
16F  |   -5 |    1 |    2
170  |   -4 |    1 |   -2
171  |    0 |    1 |   -2
172  |   -2 |    2 |    1
173  |    0 |   -1 |   -1
174  |   -7 |    6 |    0
175  |    0 |    7 |    2
176  |   -4 |   -6 |   -1
177  |    3 |    2 |    2
178  |   -7 |   -3 |   -2
179  |    0 |   -4 |    1
17A  |   -4 |    4 |    1
17B  |   -2 |    3 |    0
17C  |    0 |    0 |    1
17D  |   -4 |   -6 |   -2
17E  |    6 |   -2 |    0
17F  |   -5 |    5 |   -1
180  |    6 |   -3 |    1
181  |    1 |    7 |    0
182  |   -5 |    4 |   -2
183  |    1 |   -6 |    2
184  |    5 |    3 |    2
185  |   -6 |    2 |   -2
186  |    6 |    7 |   -2
187  |   -6 |   -7 |    2
188  |   -6 |    0 |    0
189  |   -2 |   -6 |    2
18A  |   -5 |   -1 |   -2
18B  |    5 |    1 |    1
18C  |    1 |    1 |   -1
18D  |   -4 |    0 |    1
18E  |   -7 |    3 |    1
18F  |   -4 |    6 |   -2
190  |   -7 |    4 |    2
191  |    6 |    2 |    0
192  |   -3 |    1 |    1
193  |   -4 |   -6 |    2
194  |    0 |   -2 |    0
195  |    0 |   -4 |    1
196  |   -1 |    6 |    0
197  |   -5 |   -4 |    2
198  |   -7 |   -3 |   -1
199  |   -7 |    4 |    2
19A  |    4 |   -5 |   -2
19B  |    3 |    6 |    0
19C  |   -5 |   -7 |   -1
19D  |   -2 |    0 |    0
19E  |   -1 |   -3 |    0
19F  |   -2 |   -5 |    1
1A0  |    6 |    2 |   -2
1A1  |    6 |    6 |    0
1A2  |   -2 |   -1 |    2
1A3  |   -2 |   -1 |    2
1A4  |    5 |   -7 |    1
1A5  |   -5 |    4 |   -2
1A6  |   -2 |    1 |   -2
1A7  |    0 |    7 |    2
1A8  |    3 |   -6 |   -1
1A9  |    3 |   -3 |    1
1AA  |   -6 |    5 |    1
1AB  |   -3 |    6 |    2
1AC  |    6 |   -3 |    2
1AD  |   -7 |    6 |   -1
1AE  |    4 |    0 |   -1
1AF  |    7 |    6 |   -2
1B0  |   -7 |    0 |    1
1B1  |   -3 |    6 |    1
1B2  |    4 |   -1 |    2
1B3  |    5 |   -1 |   -2
1B4  |   -5 |    4 |    1
1B5  |   -4 |    3 |   -2
1B6  |   -5 |   -2 |   -2
1B7  |   -7 |   -2 |    2
1B8  |   -7 |    3 |   -2
1B9  |    4 |    1 |   -1
1BA  |    4 |   -2 |   -1
1BB  |    6 |    4 |    0
1BC  |    5 |    5 |    2
1BD  |    6 |    5 |    0
1BE  |   -3 |   -6 |   -1
1BF  |   -2 |   -6 |    0
1C0  |   -5 |    5 |    2
1C1  |    4 |   -3 |    2
1C2  |    1 |    7 |   -2
1C3  |   -3 |   -4 |    1
1C4  |    0 |    3 |   -2
1C5  |    5 |   -6 |    2
1C6  |   -7 |    7 |   -1
1C7  |    6 |    7 |   -1
1C8  |   -3 |   -5 |   -2
1C9  |    7 |   -1 |    2
1CA  |   -5 |    0 |   -1
1CB  |    4 |    4 |    2
1CC  |   -7 |    5 |   -1
1CD  |   -4 |   -2 |    2
1CE  |    7 |    3 |    0
1CF  |    5 |   -3 |    2
1D0  |   -3 |    5 |    2
1D1  |   -1 |   -7 |   -2
1D2  |   -7 |    0 |    0
1D3  |   -5 |   -5 |    1
1D4  |   -6 |    7 |   -2
1D5  |    1 |   -2 |    1
1D6  |    2 |   -5 |   -1
1D7  |    7 |   -1 |    1
1D8  |   -2 |    5 |    2
1D9  |    2 |    6 |    1
1DA  |   -5 |   -1 |   -2
1DB  |    0 |    4 |   -2
1DC  |    6 |    7 |    1
1DD  |    0 |    1 |   -2
1DE  |   -6 |   -3 |   -2
1DF  |    7 |    7 |    1
1E0  |   -2 |    0 |    0
1E1  |   -1 |    2 |    0
1E2  |   -6 |    2 |   -1
1E3  |    7 |    0 |   -2
1E4  |    3 |   -7 |    1
1E5  |    2 |    4 |   -2
1E6  |   -6 |   -3 |    2
1E7  |    2 |   -5 |   -2
1E8  |   -7 |   -7 |   -2
1E9  |    0 |   -4 |    0
1EA  |   -7 |    0 |    1
1EB  |    1 |   -5 |   -2
1EC  |    3 |    2 |    0
1ED  |   -2 |   -6 |   -1
1EE  |   -1 |    3 |    0
1EF  |    5 |    1 |    0
1F0  |    2 |    2 |    0
1F1  |   -1 |   -3 |   -2
1F2  |    2 |    6 |   -2
1F3  |   -5 |   -1 |   -1
1F4  |   -6 |    3 |    2
1F5  |    1 |    3 |    2
1F6  |    0 |   -6 |    2
1F7  |    5 |    1 |   -1
1F8  |    4 |    5 |    2
1F9  |    2 |    1 |    2
1FA  |   -1 |   -4 |    0
1FB  |    1 |   -4 |   -2
1FC  |   -4 |   -2 |   -2
1FD  |    5 |    2 |    0
1FE  |   -4 |    2 |    0
1FF  |   -7 |    2 |    0
200  |    0 |   -2 |   -2
201  |    6 |    4 |    2
202  |    6 |   -7 |    0
203  |    4 |    6 |   -1
204  |   -5 |    6 |    0
205  |   -1 |    1 |    1
206  |    7 |   -6 |    0
207  |    4 |   -3 |   -2
208  |   -6 |    1 |    0
209  |   -6 |   -4 |    1
20A  |   -1 |    3 |   -1
20B  |    7 |   -5 |    2
20C  |   -2 |    7 |    0
20D  |   -5 |   -1 |    1
20E  |    1 |   -2 |    1
20F  |    2 |    0 |   -1
210  |    7 |   -5 |   -2
211  |    6 |   -3 |    0
212  |    5 |    2 |    1
213  |   -2 |   -4 |   -1
214  |    2 |    7 |    2
215  |    2 |    5 |    1
216  |   -2 |   -4 |   -1
217  |   -7 |   -4 |   -2
218  |   -4 |    2 |   -2
219  |    2 |    0 |    1
21A  |   -2 |   -2 |    1
21B  |    7 |   -5 |    0
21C  |   -2 |    2 |   -1
21D  |    3 |   -3 |    1
21E  |    4 |   -2 |    0
21F  |   -3 |   -3 |    0
220  |   -7 |   -2 |    1
221  |    0 |    0 |   -2
222  |   -3 |   -1 |   -1
223  |    4 |   -3 |   -1
224  |    4 |    2 |   -2
225  |    4 |   -2 |    1
226  |   -3 |    6 |   -1
227  |   -1 |   -4 |    1
228  |   -4 |    4 |    1
229  |   -2 |    1 |    0
22A  |    5 |    5 |   -2
22B  |   -4 |   -4 |    1
22C  |    6 |   -7 |    2
22D  |    7 |   -1 |   -2
22E  |   -5 |   -1 |   -1
22F  |   -1 |   -4 |    0
230  |    0 |    5 |   -1
231  |   -4 |    6 |   -1
232  |    5 |   -5 |   -2
233  |   -6 |    0 |   -1
234  |    4 |   -3 |    1
235  |    2 |    2 |   -1
236  |    6 |   -1 |    0
237  |   -5 |   -4 |    0
238  |   -7 |   -4 |    2
239  |    0 |    0 |    0
23A  |    7 |    6 |   -1
23B  |   -5 |    0 |    0
23C  |    4 |   -6 |   -2
23D  |    2 |    6 |    0
23E  |   -1 |   -6 |    1
23F  |    2 |   -5 |   -2
240  |   -3 |    7 |    2
241  |    2 |    4 |    1
242  |   -3 |    4 |   -1
243  |    6 |   -5 |   -1
244  |   -1 |   -7 |   -1
245  |    7 |    7 |    1
246  |    1 |    6 |    1
247  |    4 |   -5 |    1
248  |   -3 |   -2 |   -2
249  |   -7 |    0 |   -2
24A  |    2 |    5 |   -1
24B  |    2 |    4 |    0
24C  |   -7 |    6 |   -1
24D  |    7 |    2 |    2
24E  |   -6 |   -2 |   -2
24F  |    6 |   -3 |    1
250  |   -2 |    7 |   -2
251  |    1 |   -4 |    1
252  |    0 |   -5 |    2
253  |    5 |    5 |    2
254  |   -3 |   -4 |   -2
255  |   -7 |    6 |    1
256  |    5 |   -1 |    2
257  |   -1 |   -7 |   -1
258  |    7 |   -1 |   -1
259  |   -3 |   -7 |    1
25A  |   -2 |   -6 |   -2
25B  |    5 |    7 |    2
25C  |   -1 |   -4 |   -2
25D  |   -5 |   -7 |   -1
25E  |    4 |    3 |    2
25F  |    2 |    4 |   -2
260  |   -5 |    3 |    0
261  |   -3 |    7 |    1
262  |   -2 |    3 |    1
263  |    1 |    1 |    0
264  |    5 |    4 |   -1
265  |    6 |   -2 |    2
266  |    4 |    5 |    1
267  |   -3 |   -7 |    0
268  |    7 |   -7 |    0
269  |   -7 |   -2 |   -1
26A  |    6 |   -4 |   -1
26B  |    6 |   -4 |   -2
26C  |    6 |    7 |    1
26D  |   -4 |    3 |   -2
26E  |   -3 |    7 |    0
26F  |    4 |   -2 |    2
270  |    2 |    7 |    2
271  |    2 |    6 |   -1
272  |   -3 |    4 |    2
273  |   -1 |    3 |    2
274  |   -4 |   -1 |    2
275  |   -7 |    1 |    0
276  |    6 |    2 |    2
277  |    6 |   -3 |    2
278  |   -3 |    1 |    2
279  |   -1 |   -4 |   -2
27A  |    2 |    5 |    0
27B  |    2 |    2 |   -1
27C  |   -2 |   -6 |   -2
27D  |   -3 |   -5 |    1
27E  |   -4 |    5 |    0
27F  |   -6 |    3 |    0
280  |   -4 |   -7 |    1
281  |    7 |    6 |    1
282  |    2 |    6 |    1
283  |    2 |   -2 |   -1
284  |   -5 |    5 |    2
285  |    2 |   -2 |    0
286  |   -7 |   -7 |    2
287  |    0 |    3 |    2
288  |   -3 |    5 |    1
289  |    5 |   -5 |   -1
28A  |   -4 |   -3 |   -2
28B  |    0 |   -5 |   -1
28C  |   -1 |    2 |    2
28D  |   -6 |   -5 |   -1
28E  |   -7 |    6 |    1
28F  |    4 |    2 |   -2
290  |    3 |   -5 |    1
291  |   -4 |   -3 |   -2
292  |    0 |    5 |    2
293  |    4 |   -3 |   -2
294  |   -6 |   -4 |   -2
295  |   -5 |   -7 |   -2
296  |    4 |   -3 |   -1
297  |   -7 |    2 |   -1
298  |   -7 |   -3 |    2
299  |    5 |   -4 |   -2
29A  |   -5 |   -2 |    0
29B  |    3 |    2 |    2
29C  |   -3 |   -4 |   -2
29D  |    4 |    6 |   -2
29E  |   -5 |   -1 |   -1
29F  |   -7 |   -1 |    2
2A0  |   -7 |   -6 |   -2
2A1  |    0 |   -5 |   -2
2A2  |    2 |   -7 |    2
2A3  |    3 |    0 |    0
2A4  |    4 |    1 |    2
2A5  |    5 |   -4 |    2
2A6  |    5 |   -2 |    0
2A7  |    4 |    1 |    2
2A8  |    7 |   -2 |   -2
2A9  |    6 |    6 |    2
2AA  |   -6 |    4 |    0
2AB  |    5 |    4 |    1
2AC  |   -5 |    4 |    2
2AD  |   -6 |    1 |   -1
2AE  |   -5 |    7 |   -2
2AF  |   -1 |   -4 |   -2
2B0  |   -7 |    0 |   -1
2B1  |    2 |    1 |   -1
2B2  |    0 |   -4 |    2
2B3  |    5 |   -3 |   -1
2B4  |    2 |    6 |    1
2B5  |    2 |    0 |    0
2B6  |    2 |    4 |   -1
2B7  |    6 |    2 |   -1
2B8  |   -6 |    6 |    1
2B9  |   -5 |   -2 |   -2
2BA  |    1 |    4 |   -2
2BB  |   -1 |   -1 |    2
2BC  |   -4 |   -5 |    1
2BD  |    2 |   -1 |    0
2BE  |   -3 |    4 |    0
2BF  |   -6 |    6 |    1
2C0  |    5 |    0 |    0
2C1  |    3 |    2 |   -2
2C2  |    5 |   -2 |    0
2C3  |    0 |    7 |    0
2C4  |   -4 |    2 |    1
2C5  |    1 |    1 |    1
2C6  |   -3 |    5 |    0
2C7  |    5 |   -2 |   -1
2C8  |    1 |    4 |    1
2C9  |   -4 |    1 |    2
2CA  |    2 |    5 |    2
2CB  |   -3 |   -4 |   -2
2CC  |    1 |    0 |    0
2CD  |    0 |    3 |   -1
2CE  |   -5 |   -4 |   -2
2CF  |   -7 |   -6 |    0
2D0  |   -5 |    2 |    1
2D1  |   -4 |    3 |    2
2D2  |   -6 |    1 |   -1
2D3  |   -7 |   -3 |    2
2D4  |   -1 |   -4 |    1
2D5  |    0 |   -6 |    0
2D6  |   -1 |   -7 |    1
2D7  |    6 |    3 |    1
2D8  |   -3 |   -1 |    2
2D9  |    4 |   -2 |   -1
2DA  |   -7 |    7 |    1
2DB  |   -1 |    7 |    2
2DC  |    5 |   -6 |   -1
2DD  |   -1 |    0 |    0
2DE  |    1 |    3 |    0
2DF  |   -5 |   -4 |   -2
2E0  |    1 |    0 |    2
2E1  |    6 |    7 |   -1
2E2  |   -7 |   -1 |    1
2E3  |   -7 |   -3 |    0
2E4  |    6 |    2 |   -1
2E5  |   -4 |    2 |    2
2E6  |    1 |    4 |   -2
2E7  |   -2 |    0 |    0
2E8  |    5 |    6 |   -1
2E9  |    3 |    1 |   -1
2EA  |   -5 |   -3 |   -1
2EB  |   -7 |    2 |    2
2EC  |   -4 |   -3 |    2
2ED  |    4 |   -6 |    2
2EE  |    5 |   -3 |    1
2EF  |    1 |   -5 |   -1
2F0  |   -5 |   -1 |    0
2F1  |    4 |    2 |    2
2F2  |    1 |   -3 |    2
2F3  |   -1 |    0 |   -1
2F4  |    4 |   -7 |    2
2F5  |    6 |   -5 |    1
2F6  |    7 |   -5 |    1
2F7  |   -4 |    1 |    2
2F8  |   -5 |   -3 |   -1
2F9  |    2 |    4 |   -1
2FA  |    7 |    1 |   -1
2FB  |   -3 |    5 |   -2
2FC  |   -3 |    1 |    2
2FD  |   -5 |   -7 |   -1
2FE  |    4 |   -6 |    1
2FF  |    1 |   -3 |    0
300  |   -4 |   -4 |    0
301  |    3 |    7 |   -1
302  |   -3 |    2 |    0
303  |   -4 |    1 |    0
304  |   -3 |   -1 |   -2
305  |   -1 |   -2 |    1
306  |    1 |   -1 |    1
307  |   -1 |   -7 |   -2
308  |    5 |   -7 |   -2
309  |   -3 |    0 |    0
30A  |    2 |    5 |    2
30B  |    2 |    5 |    0
30C  |   -1 |   -6 |   -2
30D  |    6 |    4 |    1
30E  |    7 |    2 |    0
30F  |    2 |    3 |    2
310  |   -3 |    1 |    0
311  |   -5 |   -1 |   -1
312  |   -1 |   -2 |    0
313  |    5 |   -7 |   -2
314  |    3 |   -7 |    1
315  |    3 |   -6 |    1
316  |   -6 |   -2 |   -2
317  |    7 |    6 |   -1
318  |    4 |   -2 |   -2
319  |    1 |   -6 |    0
31A  |    2 |   -7 |   -2
31B  |    2 |    2 |   -2
31C  |    4 |   -3 |   -1
31D  |   -7 |   -3 |    0
31E  |    5 |   -6 |    2
31F  |   -2 |   -2 |    2
320  |   -1 |    1 |    1
321  |    6 |   -6 |   -2
322  |    5 |    2 |    1
323  |    0 |   -6 |   -1
324  |    2 |   -5 |    2
325  |    1 |    5 |   -2
326  |   -6 |   -1 |   -1
327  |    3 |   -2 |   -1
328  |    2 |    4 |   -2
329  |   -6 |    0 |   -1
32A  |   -3 |    7 |   -2
32B  |    5 |    0 |   -2
32C  |   -3 |   -2 |    0
32D  |   -2 |    4 |    1
32E  |   -5 |    3 |   -1
32F  |    0 |    2 |   -1
330  |    5 |   -5 |    0
331  |   -7 |   -5 |    0
332  |   -2 |    7 |    0
333  |   -4 |   -7 |    2
334  |   -7 |   -1 |    2
335  |    7 |   -3 |    2
336  |   -1 |   -4 |   -2
337  |    1 |    2 |   -1
338  |    5 |    7 |    1
339  |   -4 |   -4 |   -2
33A  |   -4 |    6 |   -1
33B  |   -2 |   -4 |   -1
33C  |    4 |   -2 |    0
33D  |    7 |    7 |    0
33E  |   -5 |    0 |   -2
33F  |    5 |    0 |    0
340  |    4 |   -3 |   -1
341  |   -2 |    7 |    0
342  |   -1 |   -2 |    2
343  |    3 |   -4 |    0
344  |    2 |    4 |   -1
345  |    2 |    6 |   -2
346  |   -5 |    3 |    1
347  |   -1 |    5 |    0
348  |    6 |    1 |   -1
349  |   -5 |    0 |    1
34A  |    5 |    2 |    1
34B  |    5 |    4 |    2
34C  |   -6 |    2 |    1
34D  |    4 |   -7 |   -1
34E  |    6 |    7 |   -1
34F  |    2 |   -6 |    0
350  |   -4 |    1 |    0
351  |    4 |    0 |    0
352  |    0 |    6 |    1
353  |    5 |   -5 |    1
354  |    7 |    0 |    2
355  |    1 |    4 |    0
356  |   -1 |   -7 |   -2
357  |   -7 |    2 |    2
358  |   -5 |   -4 |   -2
359  |    5 |   -5 |    1
35A  |    4 |   -2 |    2
35B  |    6 |   -1 |    2
35C  |    1 |   -4 |   -1
35D  |    7 |   -1 |    1
35E  |    4 |    1 |    1
35F  |   -7 |    3 |    2
360  |    1 |   -6 |    1
361  |    0 |    3 |    2
362  |   -7 |   -5 |   -1
363  |   -2 |   -3 |    2
364  |   -3 |   -5 |    1
365  |   -2 |    3 |    1
366  |    2 |    0 |    2
367  |    4 |    4 |    2
368  |    5 |    2 |    2
369  |    5 |    0 |    0
36A  |    5 |    0 |    1
36B  |    7 |    4 |    1
36C  |   -3 |    4 |    0
36D  |   -2 |    1 |    2
36E  |   -3 |   -4 |   -1
36F  |    3 |   -3 |    2
370  |    4 |   -3 |    2
371  |   -3 |    0 |    0
372  |   -4 |   -1 |    1
373  |   -5 |    1 |    2
374  |   -5 |    7 |    1
375  |   -4 |    7 |   -2
376  |    1 |    6 |    1
377  |   -6 |    0 |   -1
378  |    7 |   -6 |   -1
379  |    1 |    2 |    2
37A  |   -7 |    4 |    1
37B  |    6 |   -4 |    2
37C  |    7 |   -2 |    0
37D  |    7 |    4 |   -1
37E  |   -7 |   -6 |    2
37F  |   -3 |   -1 |    0
380  |   -2 |   -5 |    2
381  |   -2 |    5 |    1
382  |   -5 |   -5 |    1
383  |   -1 |    3 |    1
384  |    1 |   -6 |    1
385  |    3 |    3 |   -2
386  |    4 |    0 |    0
387  |    2 |   -2 |    0
388  |    0 |   -7 |    1
389  |   -2 |    4 |   -2
38A  |    4 |   -7 |    1
38B  |    0 |   -1 |   -2
38C  |    4 |    0 |    1
38D  |   -3 |   -3 |   -1
38E  |    0 |    4 |   -1
38F  |    2 |    3 |    2
390  |    4 |   -3 |    1
391  |   -4 |   -4 |    0
392  |    2 |    6 |    2
393  |    0 |   -2 |   -1
394  |    2 |    6 |    1
395  |    4 |   -2 |    2
396  |   -6 |   -5 |    1
397  |    4 |    1 |   -1
398  |    4 |    4 |    2
399  |   -3 |    3 |   -1
39A  |    1 |    6 |   -2
39B  |   -4 |   -1 |   -1
39C  |    3 |   -7 |    1
39D  |   -2 |    7 |    0
39E  |    7 |    5 |   -1
39F  |   -7 |   -1 |    0
3A0  |    1 |   -3 |   -2
3A1  |   -7 |   -3 |    2
3A2  |   -3 |    6 |    2
3A3  |   -4 |    5 |    0
3A4  |    5 |   -6 |    2
3A5  |    4 |   -4 |   -1
3A6  |    5 |    4 |    0
3A7  |    5 |   -2 |    1
3A8  |    6 |    2 |   -1
3A9  |   -5 |    7 |   -1
3AA  |    5 |    3 |   -1
3AB  |   -2 |   -1 |    1
3AC  |   -6 |    3 |   -2
3AD  |   -5 |   -3 |    2
3AE  |   -3 |    1 |    0
3AF  |    7 |   -5 |   -2
3B0  |    1 |   -7 |    0
3B1  |   -6 |   -4 |    2
3B2  |    2 |    1 |    1
3B3  |    0 |   -4 |   -1
3B4  |    6 |   -6 |   -1
3B5  |   -6 |    2 |    1
3B6  |    3 |    6 |   -2
3B7  |    5 |    6 |   -2
3B8  |   -3 |   -3 |    0
3B9  |   -1 |   -5 |    1
3BA  |    0 |    5 |   -2
3BB  |   -7 |    4 |    1
3BC  |   -2 |    5 |    2
3BD  |   -7 |    1 |   -1
3BE  |   -6 |   -4 |   -1
3BF  |    7 |   -2 |   -1
3C0  |   -7 |   -6 |    1
3C1  |    3 |   -2 |    1
3C2  |   -3 |   -5 |    0
3C3  |    2 |    4 |   -1
3C4  |    7 |    4 |    0
3C5  |    1 |    1 |   -1
3C6  |   -2 |    3 |    0
3C7  |    3 |   -6 |    0
3C8  |    3 |    7 |    2
3C9  |   -7 |    4 |    0
3CA  |    5 |    4 |    1
3CB  |   -7 |    1 |    0
3CC  |   -6 |   -3 |   -1
3CD  |    1 |    0 |    0
3CE  |   -5 |   -6 |   -2
3CF  |    7 |   -2 |   -1
3D0  |   -7 |   -5 |   -2
3D1  |   -3 |    4 |   -1
3D2  |   -1 |    4 |    1
3D3  |   -2 |    6 |    1
3D4  |    4 |    2 |    1
3D5  |   -7 |   -3 |   -2
3D6  |   -3 |    4 |    2
3D7  |    7 |    0 |   -1
3D8  |   -3 |    2 |    1
3D9  |   -2 |    6 |   -1
3DA  |   -5 |   -7 |   -2
3DB  |   -3 |   -3 |    2
3DC  |   -1 |   -5 |   -2
3DD  |   -3 |   -4 |   -1
3DE  |   -3 |   -6 |    2
3DF  |   -3 |    1 |    2
3E0  |    2 |   -5 |   -2
3E1  |    2 |    7 |    1
3E2  |   -5 |   -6 |   -1
3E3  |   -7 |    2 |    0
3E4  |   -3 |    3 |    0
3E5  |    6 |    1 |   -2
3E6  |    1 |   -1 |   -1
3E7  |    6 |   -2 |   -1
3E8  |   -7 |   -7 |   -2
3E9  |   -5 |   -3 |   -1
3EA  |    5 |    4 |    1
3EB  |    5 |    3 |   -2
3EC  |   -4 |    6 |    1
3ED  |    6 |    7 |   -1
3EE  |   -7 |    3 |   -2
3EF  |   -7 |   -5 |   -1
3F0  |    0 |   -7 |   -2
3F1  |   -6 |   -4 |   -1
3F2  |    4 |    5 |    1
3F3  |    7 |   -6 |    1
3F4  |    0 |   -6 |   -1
3F5  |   -1 |   -5 |   -2
3F6  |    2 |    0 |    0
3F7  |    2 |    0 |    1
3F8  |   -6 |    4 |    1
3F9  |   -2 |    7 |    0
3FA  |   -2 |   -1 |   -1
3FB  |   -5 |   -2 |   -2
3FC  |    3 |    1 |   -1
3FD  |   -6 |   -4 |    2
3FE  |    4 |    4 |    1
3FF  |   -7 |   -7 |    2
400  |   -2 |    0 |    1
401  |    4 |   -1 |    1
402  |   -3 |   -1 |    2
403  |    6 |    7 |    2
404  |    6 |   -5 |   -1
405  |    3 |   -4 |    2
406  |    1 |    2 |   -1
407  |   -7 |    1 |   -1
408  |    7 |    7 |   -1
409  |    7 |   -2 |    1
40A  |   -1 |    7 |    1
40B  |    7 |    7 |    2
40C  |   -3 |   -3 |    1
40D  |   -3 |   -5 |    2
40E  |    6 |    1 |    1
40F  |   -6 |   -3 |   -2
410  |    3 |   -3 |   -2
411  |   -5 |    6 |    2
412  |   -1 |   -4 |    1
413  |   -2 |    6 |    1
414  |    4 |   -4 |   -1
415  |   -6 |    4 |    0
416  |   -2 |   -7 |    2
417  |   -6 |   -1 |    0
418  |   -6 |    1 |    0
419  |   -6 |   -5 |    2
41A  |    6 |    4 |    1
41B  |    7 |    5 |    2
41C  |    3 |    7 |    0
41D  |   -5 |   -6 |    1
41E  |    7 |   -5 |   -2
41F  |   -6 |   -7 |    2
420  |   -4 |   -2 |    2
421  |    1 |    3 |    1
422  |   -2 |    3 |   -2
423  |   -7 |   -1 |   -2
424  |    0 |    3 |    1
425  |    7 |    3 |   -1
426  |    4 |   -6 |    2
427  |    6 |    0 |    2
428  |   -1 |    6 |    0
429  |    2 |   -2 |    1
42A  |   -5 |    6 |    0
42B  |   -7 |   -4 |    0
42C  |   -3 |   -3 |   -2
42D  |    5 |    0 |    2
42E  |   -4 |    6 |    0
42F  |    2 |   -5 |   -2
430  |    0 |   -5 |    1
431  |   -7 |    6 |    0
432  |    2 |    7 |    2
433  |   -7 |    6 |    0
434  |    4 |    3 |    1
435  |   -4 |   -4 |    0
436  |    0 |   -7 |    2
437  |   -3 |    1 |   -2
438  |   -6 |    0 |    2
439  |   -2 |    0 |   -2
43A  |   -3 |    6 |   -1
43B  |   -6 |    2 |    2
43C  |    5 |   -2 |    2
43D  |    6 |   -1 |    1
43E  |    3 |   -2 |    0
43F  |    3 |    1 |   -2
440  |    3 |   -5 |   -2
441  |   -5 |    6 |    1
442  |    7 |   -5 |    1
443  |    1 |   -5 |    0
444  |   -1 |    2 |    0
445  |   -1 |   -5 |    2
446  |    7 |    1 |   -1
447  |    3 |    4 |    0
448  |   -2 |   -4 |    1
449  |    0 |    5 |    0
44A  |   -4 |   -1 |   -2
44B  |    0 |    6 |   -1
44C  |   -4 |    7 |    2
44D  |    0 |    1 |   -2
44E  |    1 |    3 |   -2
44F  |   -5 |    4 |   -1
450  |   -5 |   -1 |    2
451  |    3 |    1 |    1
452  |    5 |    4 |    2
453  |   -6 |   -5 |    0
454  |    5 |    7 |   -2
455  |    2 |   -4 |    0
456  |   -5 |    6 |    1
457  |   -5 |    0 |    0
458  |   -3 |   -2 |    2
459  |   -3 |   -3 |    0
45A  |   -6 |    5 |    1
45B  |    4 |   -4 |    1
45C  |    2 |    0 |    1
45D  |    5 |   -7 |    2
45E  |   -2 |    6 |    1
45F  |   -3 |    1 |   -2
460  |   -2 |   -7 |    1
461  |   -7 |    0 |    0
462  |   -3 |   -4 |    0
463  |    1 |    1 |    0
464  |    4 |    6 |    2
465  |    2 |    3 |    0
466  |    6 |   -3 |    2
467  |   -6 |   -5 |    2
468  |   -7 |    1 |    1
469  |    6 |    3 |   -2
46A  |    2 |    6 |    1
46B  |    5 |    6 |    1
46C  |    3 |    1 |    2
46D  |    1 |   -4 |    2
46E  |    2 |    3 |    0
46F  |    1 |   -4 |    0
470  |    7 |    4 |    1
471  |    1 |    0 |   -1
472  |   -2 |   -6 |   -1
473  |    7 |    1 |    0
474  |    0 |    5 |   -1
475  |    6 |    6 |    0
476  |    3 |   -2 |    2
477  |    7 |    1 |    1
478  |    5 |    0 |   -2
479  |   -7 |    7 |    1
47A  |    2 |    7 |    0
47B  |   -4 |   -1 |    0
47C  |   -7 |    5 |    1
47D  |    0 |    6 |    0
47E  |   -7 |   -7 |   -1
47F  |   -5 |    6 |   -1
480  |    5 |    4 |    0
481  |   -4 |   -5 |    0
482  |    7 |    3 |   -1
483  |    7 |    6 |    0
484  |    7 |   -6 |    0
485  |    0 |   -3 |    1
486  |   -2 |    7 |   -2
487  |    6 |   -3 |   -1
488  |    2 |   -3 |    1
489  |    4 |   -4 |   -2
48A  |   -1 |   -3 |    0
48B  |    6 |   -5 |    0
48C  |    0 |    4 |    1
48D  |   -6 |   -7 |    0
48E  |    5 |   -3 |    2
48F  |    2 |    5 |    1
490  |    6 |    1 |   -2
491  |    3 |    5 |    1
492  |    0 |    1 |   -1
493  |   -5 |   -4 |    1
494  |   -1 |   -5 |    0
495  |   -5 |   -7 |    0
496  |    7 |   -6 |    2
497  |   -1 |    0 |    2
498  |    6 |   -7 |    2
499  |    3 |    0 |   -2
49A  |    7 |    5 |    2
49B  |    4 |   -1 |   -2
49C  |    5 |    7 |    2
49D  |   -6 |    0 |   -2
49E  |    2 |    4 |    1
49F  |   -2 |   -2 |    1
4A0  |   -5 |    4 |    0
4A1  |   -5 |    6 |   -2
4A2  |    7 |    7 |   -1
4A3  |    1 |    7 |    0
4A4  |   -1 |    1 |    1
4A5  |   -3 |   -5 |   -2
4A6  |    4 |    2 |    2
4A7  |    2 |   -4 |   -1
4A8  |   -1 |    5 |    1
4A9  |    1 |   -2 |    0
4AA  |   -7 |    0 |   -2
4AB  |   -1 |   -3 |   -1
4AC  |   -2 |   -5 |   -2
4AD  |    2 |   -2 |    2
4AE  |    6 |   -4 |    0
4AF  |    4 |    1 |   -2
4B0  |    1 |    5 |    1
4B1  |   -7 |   -5 |    0
4B2  |    5 |   -4 |    1
4B3  |   -4 |   -1 |   -2
4B4  |    1 |   -1 |    0
4B5  |   -4 |    4 |    1
4B6  |    2 |    4 |    2
4B7  |   -5 |   -4 |    2
4B8  |    1 |   -2 |   -2
4B9  |    5 |    4 |    0
4BA  |   -6 |    5 |   -1
4BB  |    7 |   -5 |    0
4BC  |   -4 |   -2 |    2
4BD  |    7 |    4 |    1
4BE  |   -2 |   -6 |   -1
4BF  |   -6 |    0 |   -2
4C0  |    7 |   -6 |   -1
4C1  |    0 |    3 |   -2
4C2  |    0 |   -1 |   -1
4C3  |   -7 |    1 |   -2
4C4  |    4 |   -7 |   -2
4C5  |   -5 |    0 |   -1
4C6  |    2 |   -1 |   -1
4C7  |    1 |   -2 |   -2
4C8  |   -3 |   -2 |    2
4C9  |   -2 |   -2 |   -1
4CA  |   -4 |    1 |    0
4CB  |    2 |   -6 |    1
4CC  |   -6 |   -7 |   -2
4CD  |    3 |    5 |   -2
4CE  |    0 |    4 |    1
4CF  |    3 |   -2 |    2
4D0  |    5 |    2 |    1
4D1  |   -2 |    3 |   -1
4D2  |   -3 |    0 |    1
4D3  |    1 |   -5 |   -2
4D4  |   -7 |    4 |    1
4D5  |   -3 |    2 |    0
4D6  |   -2 |   -7 |   -1
4D7  |   -3 |    1 |    1
4D8  |   -2 |    5 |   -2
4D9  |   -2 |    5 |   -1
4DA  |   -1 |   -7 |   -2
4DB  |   -4 |   -5 |    2
4DC  |    6 |    0 |    0
4DD  |    3 |    6 |    2
4DE  |    6 |   -5 |    0
4DF  |    6 |    5 |    1
4E0  |    6 |   -4 |   -1
4E1  |    7 |    0 |    1
4E2  |    0 |   -7 |    0
4E3  |   -1 |    5 |    0
4E4  |    1 |    5 |    0
4E5  |   -1 |   -2 |   -2
4E6  |   -5 |   -7 |   -1
4E7  |   -5 |    6 |    1
4E8  |    7 |   -7 |    1
4E9  |    0 |    6 |    2
4EA  |   -3 |    0 |    0
4EB  |   -4 |    3 |    0
4EC  |    0 |   -4 |    0
4ED  |    7 |    4 |    1
4EE  |   -2 |   -7 |    2
4EF  |   -6 |    2 |   -2
4F0  |   -4 |   -1 |   -1
4F1  |    4 |   -3 |   -2
4F2  |    3 |   -3 |    1
4F3  |   -4 |   -7 |    0
4F4  |    7 |    6 |   -1
4F5  |   -2 |    2 |    1
4F6  |   -2 |    3 |    1
4F7  |   -7 |   -2 |    1
4F8  |    6 |    6 |   -1
4F9  |    0 |    1 |   -1
4FA  |   -2 |    1 |    2
4FB  |   -5 |    0 |    2
4FC  |    6 |   -3 |   -2
4FD  |    1 |   -7 |   -1
4FE  |   -6 |    1 |   -1
4FF  |    7 |   -7 |   -1
500  |    3 |    0 |    2
501  |    0 |   -3 |    1
502  |    2 |   -5 |    0
503  |   -5 |    3 |    2
504  |    5 |   -1 |   -1
505  |    4 |   -1 |    2
506  |   -3 |    1 |   -2
507  |   -2 |   -1 |   -1
508  |    2 |    5 |   -2
509  |   -2 |    3 |   -1
50A  |   -4 |    6 |    2
50B  |   -5 |   -5 |    1
50C  |   -4 |    3 |    0
50D  |   -7 |    5 |   -2
50E  |   -4 |    7 |    2
50F  |   -7 |    6 |    1
510  |    4 |    5 |    2
511  |    7 |   -7 |   -2
512  |   -7 |    0 |    0
513  |    2 |    4 |    2
514  |    6 |   -5 |   -1
515  |   -2 |    4 |    1
516  |   -3 |    0 |    2
517  |    6 |    0 |    1
518  |    3 |    5 |   -1
519  |    7 |   -3 |    0
51A  |   -4 |    5 |    0
51B  |    5 |    4 |   -1
51C  |    3 |    5 |    1
51D  |   -5 |   -7 |    2
51E  |   -7 |    5 |   -1
51F  |   -2 |    2 |   -2
520  |   -6 |   -1 |    1
521  |    0 |    4 |    0
522  |    2 |    2 |   -1
523  |   -3 |   -3 |    0
524  |   -1 |    0 |    1
525  |    2 |    1 |    0
526  |    4 |    3 |   -1
527  |   -6 |    6 |    1
528  |    5 |   -1 |   -2
529  |    0 |    6 |   -1
52A  |   -6 |    5 |    2
52B  |   -4 |    7 |   -1
52C  |   -7 |   -1 |    1
52D  |    7 |   -7 |   -1
52E  |   -3 |    7 |   -2
52F  |    1 |   -4 |   -2
530  |   -7 |   -6 |    2
531  |    1 |   -6 |    0
532  |    3 |   -6 |    1
533  |    7 |   -4 |    1
534  |    0 |    6 |    0
535  |   -2 |   -7 |   -2
536  |   -1 |    7 |   -2
537  |   -5 |   -4 |   -1
538  |    6 |   -6 |    2
539  |    7 |   -3 |    2
53A  |   -7 |   -5 |    2
53B  |   -3 |    7 |   -1
53C  |    6 |    4 |    2
53D  |    4 |    0 |    0
53E  |    4 |   -4 |   -1
53F  |   -6 |   -7 |    0
540  |    6 |   -7 |   -1
541  |   -3 |    4 |    2
542  |    0 |    2 |    0
543  |    3 |   -5 |    0
544  |    1 |    7 |    0
545  |   -6 |    1 |   -1
546  |    4 |   -1 |    1
547  |   -5 |   -6 |    2
548  |   -5 |    7 |    0
549  |   -7 |    5 |    1
54A  |    0 |    1 |    2
54B  |   -2 |    2 |    2
54C  |    4 |   -6 |    0
54D  |    5 |   -5 |    0
54E  |    0 |    3 |   -1
54F  |    3 |    5 |    1
550  |    1 |    2 |    1
551  |   -3 |    6 |    0
552  |    6 |   -6 |    2
553  |    4 |   -5 |    0
554  |    6 |   -2 |    2
555  |   -5 |    1 |    2
556  |   -3 |    1 |    0
557  |   -3 |   -1 |   -2
558  |   -3 |    4 |    1
559  |   -5 |   -5 |    2
55A  |    3 |   -4 |    2
55B  |    6 |   -2 |   -2
55C  |    2 |    3 |   -1
55D  |    6 |   -3 |   -2
55E  |   -4 |   -6 |   -2
55F  |    1 |    5 |    2
560  |    5 |   -2 |    1
561  |    2 |   -5 |   -2
562  |    1 |    6 |   -1
563  |   -6 |    0 |    0
564  |    0 |   -6 |   -2
565  |    0 |   -7 |   -2
566  |   -1 |    1 |   -1
567  |    0 |    6 |    1
568  |    6 |    4 |   -2
569  |   -5 |   -5 |   -2
56A  |    5 |    3 |    1
56B  |   -2 |   -7 |   -1
56C  |   -7 |   -1 |   -2
56D  |   -1 |    5 |    1
56E  |    7 |    7 |   -2
56F  |    7 |    2 |    0
570  |   -7 |   -3 |    2
571  |    1 |   -3 |    0
572  |   -7 |    6 |   -2
573  |   -7 |   -7 |   -1
574  |    7 |    7 |    2
575  |   -1 |    7 |    0
576  |   -6 |    1 |    1
577  |    6 |   -1 |   -1
578  |   -3 |    0 |    0
579  |    0 |    1 |    1
57A  |    0 |   -2 |   -2
57B  |   -5 |    4 |    1
57C  |   -1 |   -3 |    0
57D  |   -5 |   -2 |    0
57E  |   -2 |    3 |   -2
57F  |   -2 |   -6 |    1
580  |   -5 |   -4 |    1
581  |   -1 |   -5 |   -2
582  |   -5 |    5 |    1
583  |    0 |   -1 |   -2
584  |    2 |    1 |   -1
585  |   -4 |   -3 |    0
586  |    7 |   -2 |   -1
587  |    7 |    2 |    2
588  |    5 |    6 |    2
589  |   -7 |    4 |    2
58A  |   -4 |    4 |   -2
58B  |    6 |   -6 |    1
58C  |   -1 |   -5 |   -1
58D  |    3 |   -5 |   -1
58E  |   -4 |    4 |   -1
58F  |    5 |    4 |   -1
590  |   -2 |    7 |    2
591  |    1 |    1 |   -1
592  |   -7 |    7 |    1
593  |    5 |   -1 |    2
594  |   -3 |    0 |   -1
595  |    3 |    3 |   -2
596  |   -1 |    2 |    0
597  |   -7 |    3 |    0
598  |    6 |    1 |    0
599  |   -4 |   -2 |    2
59A  |   -2 |   -4 |   -1
59B  |   -6 |    4 |    2
59C  |    2 |   -7 |    1
59D  |   -3 |    0 |   -2
59E  |    3 |   -1 |   -2
59F  |    2 |   -6 |    0
5A0  |   -7 |    0 |    0
5A1  |   -2 |    4 |    0
5A2  |   -2 |   -3 |   -1
5A3  |    5 |   -1 |    1
5A4  |    7 |   -4 |    1
5A5  |    7 |   -3 |    1
5A6  |   -4 |    0 |    1
5A7  |    5 |   -7 |    0
5A8  |    0 |   -7 |   -2
5A9  |   -4 |    7 |    0
5AA  |    0 |   -4 |    1
5AB  |    7 |   -5 |    0
5AC  |    5 |    5 |    1
5AD  |    0 |    2 |    2
5AE  |   -3 |    4 |   -2
5AF  |    5 |   -6 |    2
5B0  |    7 |    4 |   -1
5B1  |   -4 |   -5 |    0
5B2  |    4 |    3 |   -1
5B3  |    5 |    7 |    0
5B4  |   -6 |    7 |    2
5B5  |    3 |    3 |    1
5B6  |    7 |    6 |    1
5B7  |   -5 |    3 |    0
5B8  |   -5 |   -7 |    1
5B9  |   -4 |   -7 |    2
5BA  |   -4 |   -2 |    1
5BB  |    2 |   -3 |    2
5BC  |    3 |    0 |   -1
5BD  |    3 |   -6 |    2
5BE  |   -3 |   -4 |   -2
5BF  |   -4 |    0 |   -2
5C0  |    3 |    4 |   -2
5C1  |    6 |   -2 |    0
5C2  |    2 |   -7 |    0
5C3  |    0 |    7 |    0
5C4  |   -2 |   -4 |    2
5C5  |   -2 |   -7 |    0
5C6  |    0 |    5 |   -1
5C7  |   -1 |   -6 |   -2
5C8  |    7 |   -3 |    2
5C9  |    2 |    6 |   -2
5CA  |    6 |    0 |    0
5CB  |    3 |    0 |    2
5CC  |    4 |    3 |    1
5CD  |    2 |   -5 |   -1
5CE  |    5 |    3 |    0
5CF  |    0 |    5 |    0
5D0  |    6 |   -4 |   -1
5D1  |   -6 |    2 |   -1
5D2  |    1 |    3 |    1
5D3  |   -7 |    6 |    0
5D4  |    7 |   -2 |    0
5D5  |    0 |    3 |   -2
5D6  |    4 |    3 |    2
5D7  |    3 |    2 |    2
5D8  |    4 |   -5 |   -2
5D9  |    4 |   -6 |    2
5DA  |   -4 |   -2 |   -1
5DB  |   -4 |    3 |    2
5DC  |   -3 |    5 |    2
5DD  |    0 |    7 |   -2
5DE  |   -3 |   -3 |    1
5DF  |    0 |    6 |    2
5E0  |    7 |    2 |    2
5E1  |    2 |   -3 |    1
5E2  |   -7 |    2 |   -2
5E3  |    4 |    5 |    1
5E4  |    7 |   -3 |   -2
5E5  |    2 |    2 |   -1
5E6  |    1 |    4 |   -2
5E7  |   -2 |   -3 |   -1
5E8  |   -5 |   -5 |   -1
5E9  |    5 |   -1 |   -2
5EA  |    6 |   -2 |    0
5EB  |    0 |   -4 |   -2
5EC  |    1 |   -6 |    2
5ED  |   -2 |    4 |    2
5EE  |    3 |    1 |    0
5EF  |   -1 |   -7 |   -1
5F0  |   -7 |    5 |    0
5F1  |    6 |    5 |    2
5F2  |   -3 |    3 |    0
5F3  |   -3 |    7 |   -2
5F4  |    2 |    6 |    0
5F5  |    6 |   -4 |   -1
5F6  |   -4 |   -7 |   -2
5F7  |   -2 |    5 |    1
5F8  |   -1 |   -2 |    2
5F9  |    1 |   -4 |    2
5FA  |   -7 |   -3 |    0
5FB  |    7 |   -3 |   -2
5FC  |   -2 |    1 |    1
5FD  |   -1 |   -7 |   -2
5FE  |   -5 |    5 |    2
5FF  |    0 |   -6 |   -2
600  |    7 |    5 |    1
601  |   -3 |   -2 |    0
602  |    7 |   -3 |   -1
603  |    1 |    3 |   -2
604  |   -3 |   -1 |   -1
605  |    1 |   -5 |    2
606  |    2 |   -5 |    0
607  |   -4 |    2 |    0
608  |    1 |   -6 |   -2
609  |   -3 |    5 |    0
60A  |    2 |   -5 |   -2
60B  |    1 |    2 |   -2
60C  |   -5 |   -7 |   -1
60D  |    7 |   -3 |    0
60E  |   -4 |    6 |   -2
60F  |    1 |    7 |   -1
610  |    2 |    4 |    1
611  |    3 |   -3 |   -1
612  |   -2 |    4 |   -1
613  |   -6 |    3 |   -2
614  |   -1 |   -1 |    2
615  |   -6 |   -4 |    2
616  |    3 |   -5 |    2
617  |   -6 |   -7 |   -1
618  |    3 |    4 |   -2
619  |   -7 |    7 |    0
61A  |    3 |    0 |   -1
61B  |    3 |    5 |   -1
61C  |    4 |   -5 |   -2
61D  |    3 |    5 |    1
61E  |   -5 |    7 |   -1
61F  |   -2 |   -6 |    1
620  |    0 |    3 |    1
621  |    1 |   -4 |    2
622  |   -1 |   -5 |   -2
623  |   -4 |    5 |    1
624  |   -2 |   -7 |   -2
625  |   -3 |   -5 |    2
626  |    0 |    4 |   -2
627  |   -7 |   -6 |   -1
628  |   -7 |    0 |    1
629  |    5 |   -2 |   -2
62A  |    7 |    1 |    0
62B  |    3 |    0 |   -2
62C  |   -2 |    2 |    1
62D  |    2 |   -5 |    2
62E  |    4 |   -3 |    2
62F  |   -6 |   -1 |    1
630  |   -3 |   -3 |   -1
631  |   -7 |    0 |   -1
632  |   -1 |    4 |    2
633  |   -7 |   -3 |    2
634  |   -4 |   -7 |    1
635  |    1 |   -3 |   -1
636  |   -7 |   -4 |    2
637  |   -4 |   -2 |   -1
638  |   -2 |   -5 |    2
639  |   -2 |    7 |   -2
63A  |    4 |    3 |    0
63B  |    7 |   -3 |   -2
63C  |    5 |   -6 |    2
63D  |    0 |    3 |    0
63E  |   -7 |   -2 |    0
63F  |   -1 |    5 |    2
640  |   -7 |    7 |    2
641  |    5 |    4 |   -1
642  |    6 |   -2 |    2
643  |   -1 |   -3 |    1
644  |   -5 |   -2 |    2
645  |    3 |    3 |    1
646  |    0 |   -1 |    2
647  |   -5 |    4 |   -1
648  |    6 |   -3 |    1
649  |    6 |   -7 |   -2
64A  |    5 |    0 |    1
64B  |   -7 |   -4 |   -1
64C  |    5 |    1 |    1
64D  |    5 |    6 |    2
64E  |    6 |    2 |    2
64F  |    0 |    4 |   -1
650  |   -5 |   -2 |    0
651  |   -6 |   -7 |    2
652  |   -7 |   -5 |   -2
653  |    6 |   -5 |   -1
654  |   -5 |    2 |    1
655  |    7 |    4 |    1
656  |   -6 |    4 |   -2
657  |   -6 |   -4 |    2
658  |   -2 |   -2 |   -1
659  |    4 |    7 |   -2
65A  |   -7 |   -1 |    2
65B  |   -6 |    2 |   -1
65C  |    6 |   -4 |    1
65D  |   -2 |   -2 |   -1
65E  |   -5 |    3 |    0
65F  |    7 |   -7 |   -1
660  |   -4 |    6 |    0
661  |   -7 |    0 |   -1
662  |    0 |   -1 |    0
663  |    5 |    7 |    1
664  |   -1 |    3 |    2
665  |   -1 |    3 |    0
666  |   -5 |    1 |    0
667  |    2 |   -5 |    1
668  |    2 |   -6 |    0
669  |   -5 |   -7 |   -2
66A  |    6 |   -5 |    1
66B  |   -6 |   -3 |   -2
66C  |    4 |    6 |    1
66D  |   -7 |    3 |    0
66E  |   -1 |   -6 |   -2
66F  |   -1 |    4 |    0
670  |    4 |   -5 |    1
671  |   -6 |    7 |    0
672  |   -1 |    7 |   -2
673  |    5 |    7 |   -2
674  |    0 |   -4 |    0
675  |   -7 |   -1 |   -1
676  |    1 |    5 |    1
677  |   -1 |   -5 |    1
678  |   -5 |    7 |    0
679  |    0 |    1 |   -1
67A  |   -1 |    0 |   -2
67B  |    3 |   -4 |    2
67C  |    7 |    5 |    2
67D  |    5 |   -7 |    0
67E  |    0 |   -7 |   -1
67F  |   -2 |   -7 |   -1
680  |    1 |   -7 |    1
681  |    7 |    0 |   -2
682  |   -3 |   -5 |   -1
683  |   -5 |    7 |    2
684  |   -5 |   -2 |   -2
685  |   -7 |   -5 |   -2
686  |    4 |    3 |    0
687  |    7 |   -3 |   -1
688  |    0 |    5 |    0
689  |   -6 |    7 |   -1
68A  |   -5 |    6 |    1
68B  |    0 |    5 |    0
68C  |    6 |    7 |    0
68D  |    0 |   -1 |    2
68E  |    6 |   -6 |    0
68F  |    3 |   -2 |   -1
690  |   -4 |    5 |    2
691  |   -4 |   -2 |    0
692  |   -3 |    3 |    0
693  |   -2 |   -5 |    1
694  |   -3 |   -2 |    0
695  |    6 |    2 |   -2
696  |    7 |    2 |    2
697  |   -1 |    6 |   -2
698  |   -6 |   -3 |    2
699  |   -1 |    4 |    1
69A  |    2 |   -6 |    0
69B  |   -1 |    1 |    0
69C  |   -7 |    0 |    0
69D  |   -1 |   -5 |    2
69E  |   -3 |    0 |    0
69F  |   -5 |    6 |   -2
6A0  |    5 |    1 |    0
6A1  |   -5 |    6 |    1
6A2  |   -4 |    7 |   -2
6A3  |    5 |   -5 |    0
6A4  |    4 |   -5 |    0
6A5  |   -6 |   -6 |   -1
6A6  |   -6 |    0 |    2
6A7  |   -7 |    2 |   -2
6A8  |    7 |   -7 |   -1
6A9  |   -3 |    0 |    1
6AA  |   -4 |   -1 |    2
6AB  |    3 |    6 |   -2
6AC  |    2 |   -1 |    0
6AD  |    7 |   -5 |   -2
6AE  |   -6 |   -7 |    0
6AF  |   -5 |   -4 |    2
6B0  |   -1 |    1 |    0
6B1  |   -1 |   -3 |    1
6B2  |    4 |   -7 |    0
6B3  |   -4 |    7 |    1
6B4  |   -3 |   -3 |    2
6B5  |   -3 |    5 |    2
6B6  |   -2 |    0 |   -2
6B7  |    6 |    0 |    1
6B8  |    1 |   -3 |    1
6B9  |   -6 |    4 |   -1
6BA  |   -3 |    1 |   -1
6BB  |    4 |    7 |   -1
6BC  |   -5 |   -7 |    0
6BD  |   -4 |   -4 |   -1
6BE  |    2 |   -5 |    1
6BF  |   -2 |   -6 |    0
6C0  |    4 |    7 |    2
6C1  |    0 |    0 |   -2
6C2  |   -7 |   -1 |   -1
6C3  |    2 |    1 |    2
6C4  |    6 |   -6 |    1
6C5  |    0 |    6 |   -2
6C6  |    3 |    6 |    2
6C7  |    6 |   -4 |   -2
6C8  |   -1 |    6 |   -1
6C9  |   -7 |    7 |    1
6CA  |   -6 |   -2 |   -2
6CB  |   -5 |    3 |    2
6CC  |   -7 |   -5 |   -1
6CD  |    6 |    0 |   -1
6CE  |    1 |   -5 |    2
6CF  |    0 |    6 |    2
6D0  |   -6 |    4 |   -2
6D1  |    5 |    5 |    0
6D2  |    1 |    5 |   -1
6D3  |   -1 |   -6 |   -2
6D4  |    1 |    5 |    2
6D5  |   -2 |    5 |   -2
6D6  |   -2 |   -5 |    2
6D7  |    3 |    3 |    1
6D8  |    6 |   -2 |    2
6D9  |   -4 |   -6 |    2
6DA  |    2 |    0 |    2
6DB  |    2 |   -7 |    0
6DC  |    5 |   -1 |    2
6DD  |    5 |   -6 |   -1
6DE  |   -6 |    2 |   -1
6DF  |   -1 |    4 |   -2
6E0  |   -3 |   -2 |    0
6E1  |    3 |    4 |   -2
6E2  |   -2 |   -6 |   -1
6E3  |   -6 |   -6 |   -1
6E4  |   -3 |    2 |    1
6E5  |    2 |    5 |    2
6E6  |   -4 |    0 |   -1
6E7  |    1 |    7 |   -2
6E8  |   -2 |    7 |   -2
6E9  |   -6 |    4 |    2
6EA  |   -7 |   -6 |    2
6EB  |   -3 |   -1 |    1
6EC  |    1 |   -5 |    0
6ED  |   -2 |    0 |   -2
6EE  |    2 |   -1 |    2
6EF  |    4 |    6 |   -2
6F0  |   -1 |    0 |    2
6F1  |   -3 |    6 |   -1
6F2  |    2 |   -1 |   -2
6F3  |   -2 |    3 |   -1
6F4  |   -3 |   -2 |   -2
6F5  |    3 |    5 |    0
6F6  |    1 |   -1 |    1
6F7  |    7 |   -3 |   -1
6F8  |   -2 |   -1 |    2
6F9  |    3 |   -7 |    0
6FA  |    0 |   -7 |   -2
6FB  |   -6 |    1 |   -1
6FC  |    4 |    6 |   -2
6FD  |    5 |   -3 |   -2
6FE  |    1 |    5 |   -2
6FF  |   -3 |   -3 |    1
700  |   -1 |   -5 |    1
701  |    2 |   -3 |    2
702  |    5 |   -5 |   -1
703  |   -7 |    1 |    0
704  |    2 |    1 |    0
705  |   -3 |   -2 |    0
706  |    4 |    7 |   -2
707  |    6 |   -7 |    1
708  |    2 |   -1 |   -1
709  |    6 |   -1 |   -2
70A  |   -6 |    6 |    1
70B  |    4 |    2 |    1
70C  |   -2 |    2 |   -1
70D  |    3 |   -4 |   -1
70E  |   -7 |    0 |   -1
70F  |   -5 |   -2 |   -2
710  |   -3 |   -4 |    2
711  |   -4 |   -4 |   -1
712  |   -5 |   -6 |    2
713  |    2 |    6 |   -2
714  |    5 |   -6 |    2
715  |   -3 |    4 |    0
716  |    3 |    6 |    2
717  |    0 |   -4 |   -1
718  |    3 |   -3 |   -2
719  |   -4 |    0 |   -1
71A  |   -7 |    7 |    0
71B  |    3 |   -2 |   -1
71C  |   -1 |    6 |   -1
71D  |    0 |    7 |   -1
71E  |   -5 |   -4 |    1
71F  |   -2 |    5 |    0
720  |   -6 |    3 |   -1
721  |   -1 |   -1 |   -1
722  |    7 |    0 |   -1
723  |    0 |   -6 |   -2
724  |   -2 |    4 |    1
725  |   -2 |   -1 |   -2
726  |   -3 |    7 |    1
727  |    0 |    6 |   -1
728  |   -7 |   -6 |    0
729  |    2 |   -6 |    2
72A  |   -4 |    0 |    2
72B  |    7 |   -6 |   -1
72C  |   -4 |    7 |   -2
72D  |   -5 |    3 |    0
72E  |   -5 |    1 |    1
72F  |   -4 |    4 |   -1
730  |    3 |   -7 |    0
731  |   -7 |    7 |    0
732  |    6 |    1 |    1
733  |    3 |    7 |    0
734  |    5 |   -7 |   -2
735  |    3 |    2 |   -2
736  |   -6 |    5 |   -2
737  |    1 |    2 |    0
738  |    2 |   -6 |   -2
739  |   -6 |   -2 |    1
73A  |   -3 |   -2 |    0
73B  |    1 |   -7 |    2
73C  |    1 |   -1 |    0
73D  |    0 |    0 |    1
73E  |   -7 |   -6 |    2
73F  |   -7 |    0 |    0
740  |    1 |    1 |   -2
741  |    5 |   -2 |   -1
742  |    3 |   -3 |   -1
743  |    0 |    4 |   -2
744  |    2 |    1 |   -1
745  |    1 |    5 |   -1
746  |   -1 |    4 |   -2
747  |   -5 |    3 |   -2
748  |   -5 |    1 |    0
749  |   -6 |   -7 |    0
74A  |   -3 |    3 |   -2
74B  |    4 |   -5 |    1
74C  |    4 |    1 |   -1
74D  |   -5 |    3 |    0
74E  |    6 |   -6 |   -1
74F  |   -2 |    4 |    2
750  |   -6 |   -4 |   -2
751  |    4 |   -4 |    1
752  |   -5 |   -6 |    2
753  |   -3 |    7 |    2
754  |    4 |   -5 |    2
755  |    3 |    5 |   -2
756  |    3 |   -5 |    0
757  |   -7 |   -7 |   -2
758  |    5 |   -2 |    0
759  |   -7 |    0 |    2
75A  |    2 |    4 |    2
75B  |    1 |   -5 |    1
75C  |   -1 |   -3 |    0
75D  |   -7 |   -7 |    2
75E  |    7 |    2 |   -1
75F  |    4 |   -1 |    1
760  |    6 |    2 |   -2
761  |    0 |    5 |    1
762  |   -5 |   -7 |   -1
763  |    0 |    4 |    0
764  |    7 |    3 |   -2
765  |   -3 |    1 |   -2
766  |   -7 |    0 |    0
767  |   -1 |   -1 |    1
768  |   -3 |    2 |    2
769  |   -2 |    7 |    1
76A  |   -2 |   -1 |   -1
76B  |    0 |   -3 |    2
76C  |    1 |   -3 |    1
76D  |   -6 |    3 |    0
76E  |    1 |    5 |   -1
76F  |    4 |   -3 |   -1
770  |    7 |   -7 |   -1
771  |    3 |    0 |    2
772  |    2 |    4 |   -2
773  |    1 |    3 |    2
774  |    5 |   -7 |    1
775  |    2 |   -4 |   -2
776  |    7 |    7 |    1
777  |    2 |    1 |   -2
778  |   -1 |    6 |    2
779  |   -7 |    1 |   -1
77A  |   -1 |   -3 |    0
77B  |    2 |   -4 |   -1
77C  |   -3 |   -5 |    2
77D  |   -2 |   -5 |   -2
77E  |    2 |    4 |   -1
77F  |   -1 |   -3 |    2
780  |    6 |    2 |    1
781  |    7 |   -7 |    0
782  |   -3 |   -3 |   -1
783  |   -1 |   -2 |   -2
784  |    1 |   -1 |    1
785  |   -5 |    4 |    2
786  |    0 |    1 |    0
787  |   -6 |   -5 |   -2
788  |    3 |    7 |    2
789  |   -1 |   -6 |    2
78A  |    5 |    6 |   -1
78B  |   -6 |   -5 |   -1
78C  |    7 |    4 |   -2
78D  |    6 |    1 |    2
78E  |   -4 |    4 |   -1
78F  |   -1 |   -1 |    0
790  |   -5 |    1 |    0
791  |   -6 |    5 |    2
792  |    3 |   -6 |   -1
793  |    2 |   -3 |   -2
794  |   -1 |    5 |   -2
795  |   -7 |   -4 |   -2
796  |    6 |    7 |    0
797  |    7 |   -6 |   -1
798  |    0 |    1 |   -1
799  |   -5 |    1 |    0
79A  |    4 |   -2 |   -2
79B  |    4 |    3 |   -2
79C  |    5 |   -2 |    2
79D  |   -6 |    0 |    1
79E  |   -5 |   -2 |   -1
79F  |   -3 |   -7 |   -1
7A0  |    3 |   -4 |   -1
7A1  |    0 |    5 |    1
7A2  |    2 |   -1 |    2
7A3  |   -1 |    5 |    1
7A4  |   -1 |    5 |   -2
7A5  |    4 |   -6 |   -2
7A6  |   -1 |    1 |   -1
7A7  |    7 |    0 |    0
7A8  |    0 |    0 |   -1
7A9  |   -7 |   -1 |    0
7AA  |   -4 |   -4 |    1
7AB  |    5 |   -6 |   -2
7AC  |   -2 |   -5 |    0
7AD  |    1 |    4 |    1
7AE  |    5 |   -2 |   -2
7AF  |   -6 |    4 |    0
7B0  |   -7 |    4 |   -1
7B1  |    5 |   -3 |   -1
7B2  |    2 |    4 |   -1
7B3  |    4 |    0 |    1
7B4  |    6 |   -2 |   -1
7B5  |   -6 |   -2 |    2
7B6  |   -1 |   -7 |   -2
7B7  |   -5 |   -4 |    1
7B8  |    2 |   -3 |   -1
7B9  |   -6 |    4 |   -2
7BA  |    6 |    3 |    0
7BB  |    3 |   -5 |   -1
7BC  |   -1 |    5 |   -2
7BD  |    5 |    1 |    2
7BE  |    5 |   -7 |    0
7BF  |   -6 |   -2 |    2
7C0  |   -5 |   -2 |   -2
7C1  |    3 |    2 |    2
7C2  |   -1 |   -3 |   -2
7C3  |    6 |    4 |   -2
7C4  |   -4 |    7 |    2
7C5  |    5 |   -3 |   -2
7C6  |    6 |    2 |   -1
7C7  |   -7 |    6 |   -2
7C8  |    5 |    5 |    1
7C9  |    6 |   -3 |   -2
7CA  |   -3 |   -2 |    1
7CB  |    4 |    0 |   -2
7CC  |    1 |   -6 |   -2
7CD  |    0 |   -2 |    2
7CE  |    4 |   -7 |   -1
7CF  |    7 |   -4 |   -1
7D0  |    1 |    6 |    0
7D1  |    2 |    2 |    2
7D2  |    6 |   -5 |    2
7D3  |    1 |    1 |   -1
7D4  |    7 |   -5 |    2
7D5  |   -1 |    7 |   -1
7D6  |   -4 |   -2 |    2
7D7  |   -3 |   -7 |   -2
7D8  |   -7 |    4 |   -1
7D9  |    6 |   -2 |   -1
7DA  |   -7 |   -4 |    1
7DB  |   -5 |    0 |    2
7DC  |    5 |    5 |    2
7DD  |    6 |    3 |   -1
7DE  |    0 |    1 |   -2
7DF  |    6 |   -4 |   -2
7E0  |   -6 |    2 |   -2
7E1  |   -4 |    4 |    2
7E2  |   -6 |    2 |    1
7E3  |    6 |   -2 |   -1
7E4  |   -3 |   -7 |    0
7E5  |    1 |   -4 |    1
7E6  |   -7 |   -1 |    0
7E7  |   -3 |    4 |    1
7E8  |    6 |    7 |   -2
7E9  |    7 |   -7 |    2
7EA  |    1 |    0 |    0
7EB  |    7 |    4 |    1
7EC  |   -7 |    2 |    2
7ED  |    1 |    4 |    0
7EE  |    0 |    3 |   -1
7EF  |   -4 |   -2 |    1
7F0  |    4 |   -3 |   -1
7F1  |    3 |    2 |   -2
7F2  |    2 |    3 |   -1
7F3  |   -3 |    7 |   -1
7F4  |    5 |    6 |    1
7F5  |   -3 |    1 |   -2
7F6  |    3 |   -6 |   -1
7F7  |    4 |   -3 |    2
7F8  |   -2 |   -2 |    0
7F9  |   -1 |   -1 |   -1
7FA  |    0 |   -3 |   -2
7FB  |    7 |    1 |   -1
7FC  |    6 |   -7 |    0
7FD  |    0 |   -1 |   -2
7FE  |    3 |    2 |    1
7FF  |    6 |   -1 |   -2
800  |    5 |   -4 |    1
801  |   -6 |    1 |   -2
802  |    1 |    6 |    0
803  |   -1 |    4 |    0
804  |   -4 |    3 |   -2
805  |   -4 |   -3 |   -1
806  |    3 |   -4 |    0
807  |    0 |    5 |    1
808  |   -4 |   -1 |    1
809  |    5 |   -4 |    2
80A  |    7 |    7 |    1
80B  |   -2 |   -5 |    2
80C  |   -3 |    1 |   -2
80D  |   -5 |    3 |   -2
80E  |    5 |    0 |   -2
80F  |    6 |   -7 |   -1
810  |    2 |   -1 |   -1
811  |    3 |    1 |    2
812  |   -6 |    0 |    1
813  |    1 |    0 |    1
814  |    2 |    5 |   -2
815  |    1 |   -2 |    0
816  |   -7 |    3 |   -1
817  |    2 |   -4 |   -1
818  |   -5 |    0 |   -2
819  |    0 |   -5 |   -1
81A  |   -2 |    5 |   -2
81B  |   -3 |    1 |    2
81C  |   -3 |    5 |    1
81D  |   -2 |   -6 |    0
81E  |    7 |   -6 |    1
81F  |   -1 |    4 |    1
820  |   -7 |    5 |    2
821  |    1 |    7 |   -1
822  |   -5 |    4 |    0
823  |   -4 |   -1 |   -1
824  |    2 |    4 |    1
825  |   -7 |    2 |   -2
826  |    5 |   -4 |    1
827  |    3 |    2 |   -1
828  |    2 |    0 |    1
829  |   -5 |    1 |   -2
82A  |   -6 |   -1 |    2
82B  |   -6 |   -3 |   -1
82C  |    6 |    0 |    1
82D  |   -7 |   -4 |   -1
82E  |    0 |   -6 |    2
82F  |   -5 |    3 |    1
830  |   -5 |    7 |    1
831  |   -2 |    4 |   -1
832  |    5 |   -2 |   -1
833  |    0 |    1 |   -2
834  |    5 |   -7 |    2
835  |    7 |    3 |   -2
836  |    1 |    2 |    1
837  |    1 |    4 |   -1
838  |   -4 |   -1 |    1
839  |    6 |    2 |    1
83A  |   -3 |    1 |    0
83B  |   -6 |    2 |    0
83C  |    3 |    1 |    1
83D  |    1 |    2 |   -1
83E  |    0 |    3 |    1
83F  |   -5 |    5 |    0
840  |    3 |   -5 |   -1
841  |    4 |    3 |    1
842  |    5 |    5 |    2
843  |    1 |   -3 |    2
844  |   -5 |    0 |    1
845  |    1 |    0 |   -1
846  |   -6 |   -4 |    1
847  |    4 |    7 |    1
848  |    2 |    7 |    0
849  |    1 |    4 |    2
84A  |    7 |    3 |    0
84B  |    0 |    3 |    0
84C  |    1 |   -7 |    1
84D  |   -3 |   -7 |    0
84E  |    3 |    7 |    2
84F  |    3 |   -4 |    0
850  |   -6 |   -2 |    2
851  |    0 |    0 |    0
852  |    4 |   -2 |    2
853  |    7 |    4 |    0
854  |   -2 |    1 |    0
855  |    0 |    7 |   -1
856  |    3 |    7 |    2
857  |   -3 |    1 |    2
858  |    2 |    6 |    2
859  |   -6 |   -6 |   -2
85A  |   -2 |    2 |    0
85B  |   -3 |   -7 |    2
85C  |    4 |   -6 |   -2
85D  |    5 |   -3 |   -1
85E  |    4 |   -4 |    2
85F  |   -3 |   -4 |    2
860  |    5 |    1 |   -2
861  |   -7 |    3 |    0
862  |   -6 |    0 |   -1
863  |    0 |   -2 |    2
864  |    5 |   -7 |    0
865  |    6 |   -6 |   -1
866  |    5 |   -2 |    1
867  |   -5 |    3 |    1
868  |    2 |   -6 |   -1
869  |   -5 |    7 |   -2
86A  |    0 |    5 |   -1
86B  |    0 |    2 |   -1
86C  |   -6 |   -3 |   -2
86D  |    0 |    6 |   -2
86E  |    3 |   -3 |    0
86F  |    5 |   -2 |    0
870  |    5 |   -2 |   -2
871  |   -7 |    6 |    1
872  |   -2 |   -2 |    1
873  |    0 |    6 |   -1
874  |   -5 |   -6 |    2
875  |    0 |    6 |   -1
876  |    4 |    2 |   -1
877  |   -7 |    6 |    2
878  |    3 |    5 |   -2
879  |    3 |    7 |    1
87A  |    1 |    6 |   -1
87B  |    5 |   -5 |    2
87C  |    3 |    6 |    0
87D  |    5 |   -2 |   -1
87E  |    1 |    5 |    1
87F  |   -3 |    0 |   -2
880  |    2 |    4 |   -1
881  |   -4 |    5 |   -1
882  |    7 |    3 |    2
883  |    3 |    4 |    0
884  |   -2 |   -7 |    0
885  |    4 |   -7 |   -2
886  |   -1 |    3 |    1
887  |   -3 |    5 |   -2
888  |    3 |   -6 |   -1
889  |    5 |    3 |   -1
88A  |    2 |    7 |    0
88B  |    1 |    4 |    1
88C  |   -5 |    4 |    2
88D  |    7 |   -2 |    1
88E  |   -1 |    1 |   -1
88F  |    2 |   -4 |    2
890  |    2 |   -5 |    1
891  |    3 |    4 |    1
892  |   -3 |    0 |    2
893  |    6 |    3 |   -1
894  |   -1 |    2 |    1
895  |    7 |    6 |    2
896  |   -6 |    1 |   -1
897  |   -4 |    4 |    2
898  |   -6 |    3 |    2
899  |    6 |   -3 |    1
89A  |    5 |    1 |   -1
89B  |    5 |   -6 |    1
89C  |    4 |   -5 |   -2
89D  |   -1 |   -1 |   -2
89E  |   -6 |   -1 |   -1
89F  |    5 |   -2 |    2
8A0  |    6 |   -2 |    1
8A1  |    3 |   -6 |    1
8A2  |   -7 |    2 |   -1
8A3  |    1 |   -2 |   -1
8A4  |   -7 |   -4 |   -2
8A5  |    0 |    4 |    0
8A6  |    7 |   -5 |   -1
8A7  |   -6 |    5 |    0
8A8  |    4 |    3 |   -1
8A9  |    0 |    5 |    2
8AA  |    5 |   -6 |    2
8AB  |   -5 |   -7 |   -2
8AC  |   -2 |    3 |   -2
8AD  |   -5 |    3 |    0
8AE  |    6 |   -3 |   -1
8AF  |   -1 |   -6 |    1
8B0  |    2 |   -6 |   -2
8B1  |    1 |   -1 |    1
8B2  |   -6 |    0 |    1
8B3  |    7 |    5 |   -1
8B4  |    4 |    2 |    0
8B5  |    4 |    0 |   -1
8B6  |    7 |    6 |   -2
8B7  |    6 |   -4 |    1
8B8  |   -3 |    7 |   -1
8B9  |    5 |    6 |   -1
8BA  |   -2 |   -7 |   -1
8BB  |   -4 |    3 |   -2
8BC  |   -4 |   -1 |    0
8BD  |   -4 |   -7 |   -1
8BE  |   -6 |    3 |   -2
8BF  |   -4 |   -4 |    1
8C0  |    3 |    0 |    2
8C1  |   -7 |   -6 |   -2
8C2  |    4 |   -2 |    2
8C3  |   -2 |    5 |   -1
8C4  |   -7 |   -2 |   -1
8C5  |    2 |    4 |   -2
8C6  |   -2 |    1 |    2
8C7  |   -7 |   -3 |   -1
8C8  |   -2 |    2 |    1
8C9  |    2 |   -4 |    0
8CA  |    0 |   -3 |    0
8CB  |    3 |    4 |   -1
8CC  |   -6 |    4 |    2
8CD  |   -6 |    2 |   -1
8CE  |    6 |    7 |    2
8CF  |    7 |    3 |    1
8D0  |    5 |   -3 |    2
8D1  |    4 |    0 |   -1
8D2  |   -4 |    2 |    1
8D3  |    3 |    4 |   -2
8D4  |   -5 |    0 |    0
8D5  |   -4 |   -6 |   -1
8D6  |    5 |   -1 |   -1
8D7  |    4 |    0 |   -1
8D8  |   -1 |    3 |    1
8D9  |    5 |   -2 |   -2
8DA  |    3 |   -3 |    2
8DB  |   -7 |    3 |   -2
8DC  |   -2 |    1 |    1
8DD  |    7 |    5 |   -1
8DE  |    7 |   -5 |    0
8DF  |   -5 |    4 |   -1
8E0  |    3 |    5 |    2
8E1  |    2 |    5 |    0
8E2  |   -1 |    2 |   -1
8E3  |    2 |   -4 |    0
8E4  |   -6 |    1 |   -2
8E5  |    6 |   -2 |    1
8E6  |   -6 |    0 |   -1
8E7  |    5 |   -1 |    2
8E8  |   -4 |    3 |   -2
8E9  |   -7 |   -6 |   -1
8EA  |   -5 |   -5 |   -2
8EB  |    5 |   -7 |    2
8EC  |    1 |    1 |   -1
8ED  |   -1 |    5 |    2
8EE  |    7 |   -1 |    0
8EF  |   -1 |   -7 |    2
8F0  |    5 |   -5 |    0
8F1  |    5 |   -4 |   -1
8F2  |    3 |   -4 |    0
8F3  |   -4 |   -3 |   -1
8F4  |   -6 |    6 |   -1
8F5  |    7 |   -5 |    1
8F6  |    6 |   -5 |   -1
8F7  |   -4 |   -7 |    0
8F8  |   -2 |   -1 |    1
8F9  |    3 |    3 |    1
8FA  |    3 |    2 |   -1
8FB  |   -5 |    6 |    2
8FC  |   -7 |   -7 |    2
8FD  |    6 |   -6 |    1
8FE  |    4 |    5 |   -1
8FF  |    0 |   -4 |    2
900  |    4 |    5 |   -1
901  |    5 |   -4 |   -1
902  |   -3 |   -3 |    1
903  |    7 |    3 |    1
904  |   -3 |   -6 |   -2
905  |    3 |   -4 |    2
906  |   -4 |   -7 |    2
907  |   -2 |   -6 |    2
908  |   -5 |   -7 |    0
909  |    1 |    2 |   -1
90A  |   -3 |    2 |    1
90B  |   -5 |    5 |    2
90C  |    3 |   -4 |   -2
90D  |   -7 |   -4 |    2
90E  |    2 |   -1 |   -1
90F  |    4 |    2 |   -1
910  |   -2 |    3 |    1
911  |    7 |    3 |    0
912  |   -6 |    1 |    1
913  |    5 |    1 |    2
914  |   -5 |   -3 |   -2
915  |   -7 |    2 |    1
916  |    1 |   -7 |    0
917  |    0 |   -7 |    1
918  |    4 |   -2 |   -1
919  |   -6 |   -6 |    2
91A  |    7 |    0 |    2
91B  |    4 |    5 |    2
91C  |    3 |    1 |    2
91D  |    0 |    5 |    2
91E  |    4 |   -4 |    2
91F  |    6 |   -3 |   -2
920  |    1 |    3 |    0
921  |   -7 |    0 |    2
922  |    5 |   -5 |    0
923  |   -3 |   -3 |    2
924  |    0 |   -5 |    1
925  |    7 |    4 |    2
926  |    3 |    2 |   -1
927  |    6 |   -5 |   -2
928  |   -6 |   -5 |    1
929  |   -4 |    5 |    1
92A  |   -1 |    4 |   -1
92B  |   -5 |   -1 |    2
92C  |    5 |    7 |   -2
92D  |    4 |   -1 |    1
92E  |   -3 |   -1 |   -2
92F  |    0 |    2 |    1
930  |    4 |    0 |    2
931  |    2 |   -3 |    1
932  |   -5 |   -3 |    1
933  |   -4 |    6 |    0
934  |    6 |   -4 |    2
935  |    7 |   -1 |   -1
936  |    1 |    2 |   -1
937  |    6 |   -4 |    2
938  |    6 |    7 |   -1
939  |   -1 |   -6 |    2
93A  |   -7 |   -4 |   -1
93B  |    6 |    5 |    0
93C  |    4 |    5 |   -1
93D  |   -4 |    0 |    1
93E  |   -4 |    1 |    2
93F  |    1 |   -5 |   -2
940  |   -2 |   -1 |   -2
941  |    1 |    6 |    2
942  |    4 |    4 |    0
943  |    7 |    6 |   -1
944  |   -2 |    1 |    0
945  |   -2 |    3 |   -2
946  |   -3 |   -4 |    2
947  |   -3 |    2 |    2
948  |   -6 |    7 |    0
949  |    0 |   -5 |    0
94A  |    0 |   -3 |   -1
94B  |    3 |   -7 |    1
94C  |    5 |   -5 |    1
94D  |   -7 |    7 |   -1
94E  |    0 |    0 |    1
94F  |   -3 |    3 |   -2
950  |   -6 |    0 |    1
951  |    6 |    7 |   -1
952  |   -6 |    5 |    1
953  |    6 |   -4 |    2
954  |    7 |   -6 |    0
955  |    7 |    5 |   -2
956  |   -2 |    0 |    2
957  |    3 |    0 |    2
958  |    5 |    2 |   -1
959  |    1 |   -4 |    0
95A  |   -7 |   -5 |    0
95B  |    4 |   -6 |   -2
95C  |   -2 |    1 |   -1
95D  |    1 |   -7 |   -2
95E  |    0 |   -1 |    1
95F  |    3 |   -3 |    2
960  |   -2 |    0 |   -2
961  |   -5 |   -4 |    2
962  |    0 |   -1 |   -1
963  |    1 |    5 |    1
964  |   -7 |   -3 |   -1
965  |    4 |    7 |    1
966  |    1 |    6 |    1
967  |    6 |   -3 |    2
968  |    7 |    6 |   -1
969  |   -2 |    1 |   -1
96A  |   -2 |    1 |   -2
96B  |    4 |    5 |   -1
96C  |   -4 |    1 |   -2
96D  |   -7 |    4 |    0
96E  |    2 |   -2 |    0
96F  |    0 |   -2 |    0
970  |   -6 |   -3 |   -1
971  |    4 |    1 |   -1
972  |   -7 |    2 |   -2
973  |   -6 |    0 |    1
974  |   -7 |   -1 |   -2
975  |   -7 |   -1 |    0
976  |    1 |   -2 |   -2
977  |    5 |   -3 |    1
978  |    6 |    5 |   -1
979  |   -7 |   -4 |   -2
97A  |    5 |   -5 |    0
97B  |   -4 |   -5 |    0
97C  |    2 |   -2 |   -1
97D  |   -2 |    7 |   -2
97E  |   -1 |   -4 |    1
97F  |   -6 |    4 |   -1
980  |   -2 |    4 |   -2
981  |   -1 |   -2 |    2
982  |    2 |   -5 |    0
983  |    6 |    7 |    1
984  |    2 |   -4 |    1
985  |   -6 |    7 |    1
986  |    7 |    1 |    0
987  |   -6 |   -3 |   -2
988  |    2 |    5 |   -1
989  |   -1 |   -1 |   -2
98A  |    4 |    2 |   -1
98B  |   -7 |   -6 |    1
98C  |    0 |    6 |   -2
98D  |    3 |    6 |    1
98E  |    5 |   -3 |    2
98F  |   -5 |    1 |    1
990  |    3 |    3 |    1
991  |   -2 |   -5 |   -1
992  |    1 |    6 |    2
993  |   -2 |    1 |    1
994  |    1 |    6 |    1
995  |   -1 |    3 |    2
996  |    7 |    7 |    2
997  |    1 |   -2 |   -2
998  |   -6 |   -4 |   -1
999  |    4 |   -1 |    2
99A  |    0 |    0 |    2
99B  |    0 |   -2 |    0
99C  |   -6 |   -3 |    2
99D  |    4 |   -2 |   -1
99E  |    6 |   -3 |    1
99F  |   -4 |    0 |    1
9A0  |    6 |   -7 |    1
9A1  |    7 |    3 |    1
9A2  |    3 |   -1 |    0
9A3  |    7 |    7 |    2
9A4  |   -1 |    2 |    1
9A5  |    3 |    2 |   -2
9A6  |   -4 |    3 |    1
9A7  |   -4 |   -6 |    2
9A8  |   -2 |    7 |    1
9A9  |    2 |    6 |    0
9AA  |   -2 |    1 |   -1
9AB  |    2 |   -7 |   -1
9AC  |    7 |    3 |    2
9AD  |   -5 |    2 |   -1
9AE  |    7 |   -2 |   -1
9AF  |    1 |    1 |   -2
9B0  |    4 |   -7 |    2
9B1  |    2 |   -4 |    2
9B2  |    6 |   -4 |   -1
9B3  |    3 |    7 |   -1
9B4  |   -6 |    1 |   -1
9B5  |   -2 |    3 |    0
9B6  |    4 |   -3 |    1
9B7  |   -1 |   -3 |    0
9B8  |    4 |   -2 |    2
9B9  |    5 |   -7 |   -2
9BA  |    1 |   -7 |    1
9BB  |    5 |    7 |   -2
9BC  |   -5 |    1 |    2
9BD  |    2 |   -5 |    2
9BE  |   -5 |   -4 |   -2
9BF  |   -1 |   -7 |   -2
9C0  |    6 |    1 |   -2
9C1  |   -4 |    7 |    2
9C2  |    5 |    0 |   -1
9C3  |    0 |   -6 |   -2
9C4  |    5 |    0 |    1
9C5  |   -1 |    7 |    2
9C6  |   -3 |   -1 |    0
9C7  |   -1 |    3 |    0
9C8  |   -5 |   -2 |    1
9C9  |    4 |   -7 |   -1
9CA  |   -6 |    7 |   -2
9CB  |   -2 |   -1 |    2
9CC  |   -6 |    2 |   -2
9CD  |   -5 |   -1 |    2
9CE  |   -2 |    5 |    0
9CF  |   -3 |    6 |   -2
9D0  |    0 |    1 |    1
9D1  |    1 |   -7 |   -1
9D2  |    3 |   -6 |    1
9D3  |   -5 |    3 |   -1
9D4  |    4 |    1 |   -2
9D5  |    2 |    5 |   -2
9D6  |   -5 |    1 |   -1
9D7  |   -5 |    5 |    0
9D8  |    5 |   -2 |    2
9D9  |    5 |   -2 |    1
9DA  |   -2 |   -4 |    1
9DB  |    7 |   -4 |    1
9DC  |    7 |   -3 |   -2
9DD  |   -7 |   -5 |    1
9DE  |   -1 |   -7 |    2
9DF  |    4 |    7 |    2
9E0  |   -7 |   -7 |   -1
9E1  |    6 |    4 |   -2
9E2  |   -3 |    7 |    2
9E3  |    7 |    5 |    0
9E4  |    2 |   -1 |   -2
9E5  |    5 |   -7 |   -2
9E6  |    0 |   -7 |    2
9E7  |   -4 |   -5 |    0
9E8  |   -3 |    2 |   -1
9E9  |   -4 |    7 |    2
9EA  |    4 |   -4 |    0
9EB  |    4 |   -4 |   -2
9EC  |    6 |   -6 |    0
9ED  |   -4 |   -7 |   -2
9EE  |    4 |   -5 |    2
9EF  |    0 |    3 |    2
9F0  |   -6 |   -4 |    1
9F1  |   -7 |   -5 |    1
9F2  |   -5 |    0 |    1
9F3  |    1 |    6 |    2
9F4  |   -4 |    2 |   -1
9F5  |    2 |   -7 |    2
9F6  |   -3 |    6 |    0
9F7  |   -6 |   -6 |    2
9F8  |   -4 |    5 |    2
9F9  |   -6 |   -1 |   -2
9FA  |    7 |   -4 |   -2
9FB  |   -6 |    0 |   -2
9FC  |   -4 |    3 |    2
9FD  |   -2 |    5 |   -1
9FE  |   -1 |   -5 |    0
9FF  |    2 |   -2 |    0
A00  |   -5 |    1 |   -1
A01  |   -5 |   -7 |   -1
A02  |    2 |   -7 |    0
A03  |   -2 |    0 |    1
A04  |    5 |   -5 |   -2
A05  |    4 |   -3 |   -2
A06  |   -5 |   -7 |    0
A07  |    5 |   -3 |   -1
A08  |   -6 |    3 |    1
A09  |    0 |   -2 |    0
A0A  |   -3 |    0 |   -2
A0B  |    7 |    5 |    2
A0C  |   -7 |    6 |   -1
A0D  |   -5 |   -5 |    2
A0E  |    2 |   -5 |    0
A0F  |    0 |    4 |   -2
A10  |   -4 |    3 |    1
A11  |    6 |    3 |    2
A12  |   -1 |    2 |    1
A13  |    2 |    1 |   -2
A14  |    4 |   -4 |    2
A15  |    6 |    7 |    1
A16  |    6 |   -4 |    1
A17  |   -6 |    4 |    2
A18  |   -1 |   -1 |   -2
A19  |   -3 |   -6 |    1
A1A  |   -3 |    0 |    0
A1B  |   -2 |   -2 |    2
A1C  |    5 |   -5 |   -1
A1D  |    1 |    1 |   -1
A1E  |    6 |   -3 |   -2
A1F  |   -2 |    0 |    0
A20  |    4 |   -1 |    1
A21  |    5 |    6 |   -1
A22  |    7 |    0 |   -2
A23  |    6 |   -1 |    0
A24  |    0 |   -5 |    0
A25  |   -1 |   -6 |   -2
A26  |    1 |   -1 |   -2
A27  |   -4 |   -5 |    1
A28  |   -6 |   -5 |   -2
A29  |   -1 |   -6 |    1
A2A  |   -2 |   -4 |    1
A2B  |   -7 |    0 |    2
A2C  |    3 |    4 |    0
A2D  |    1 |   -7 |    0
A2E  |    1 |   -7 |    0
A2F  |    4 |    4 |    2
A30  |   -6 |    6 |    1
A31  |   -5 |   -3 |    1
A32  |   -3 |    3 |   -2
A33  |   -3 |   -3 |    2
A34  |    7 |    3 |   -2
A35  |   -7 |    4 |    2
A36  |    0 |   -7 |   -2
A37  |    4 |   -2 |   -1
A38  |    0 |   -7 |    0
A39  |   -4 |   -3 |    0
A3A  |    5 |    1 |    1
A3B  |   -1 |    4 |   -1
A3C  |    7 |    6 |    0
A3D  |    7 |   -3 |    1
A3E  |    3 |   -2 |   -1
A3F  |    2 |    0 |    0
A40  |   -5 |    3 |   -2
A41  |   -2 |   -7 |    2
A42  |    6 |    6 |   -1
A43  |    2 |   -6 |    1
A44  |    5 |    1 |   -1
A45  |    2 |   -5 |    1
A46  |    4 |   -2 |   -1
A47  |    6 |   -3 |    1
A48  |    1 |    3 |    0
A49  |   -7 |   -6 |   -2
A4A  |   -3 |    6 |    0
A4B  |   -4 |    7 |   -2
A4C  |    0 |   -1 |    0
A4D  |    3 |   -4 |    0
A4E  |    4 |   -7 |   -1
A4F  |   -7 |    5 |    2
A50  |    1 |   -4 |    1
A51  |   -2 |   -2 |    1
A52  |   -4 |   -1 |    1
A53  |    4 |    7 |   -2
A54  |    1 |   -1 |    1
A55  |    3 |    6 |    1
A56  |   -3 |   -1 |   -1
A57  |    7 |   -5 |    0
A58  |   -3 |   -2 |    1
A59  |    4 |    5 |    2
A5A  |   -3 |    0 |    1
A5B  |   -7 |   -4 |   -2
A5C  |   -7 |    5 |   -2
A5D  |    0 |    0 |   -2
A5E  |    4 |   -6 |    1
A5F  |    0 |    7 |   -1
A60  |    4 |    2 |    2
A61  |    7 |    1 |    1
A62  |    7 |    1 |   -1
A63  |   -2 |    0 |   -1
A64  |    4 |    2 |    1
A65  |    3 |    6 |    1
A66  |    5 |    5 |   -1
A67  |   -4 |    2 |   -1
A68  |   -6 |   -7 |   -1
A69  |    6 |   -6 |    1
A6A  |   -6 |   -2 |   -1
A6B  |    1 |    2 |   -2
A6C  |    7 |   -3 |    1
A6D  |   -3 |    4 |   -2
A6E  |   -4 |    6 |    0
A6F  |    2 |    1 |    1
A70  |    5 |   -3 |    0
A71  |   -7 |   -6 |   -1
A72  |   -1 |    2 |   -1
A73  |   -5 |   -4 |    2
A74  |   -2 |    1 |   -1
A75  |   -3 |   -7 |    0
A76  |   -3 |    3 |   -1
A77  |    3 |   -7 |    1
A78  |   -3 |    4 |   -1
A79  |   -7 |   -1 |    2
A7A  |   -7 |    3 |   -1
A7B  |   -5 |   -5 |    0
A7C  |    6 |    2 |    0
A7D  |    4 |   -6 |   -1
A7E  |    2 |    1 |    0
A7F  |   -4 |   -5 |    0
A80  |   -3 |   -6 |    2
A81  |   -6 |    4 |    1
A82  |    0 |    0 |    2
A83  |    3 |    2 |   -2
A84  |    3 |   -2 |    2
A85  |    6 |   -2 |   -1
A86  |   -6 |    2 |    1
A87  |    1 |    3 |   -1
A88  |   -6 |   -1 |   -2
A89  |    5 |   -1 |    1
A8A  |    1 |    3 |    0
A8B  |   -1 |    5 |    2
A8C  |    7 |    7 |   -1
A8D  |    0 |   -2 |   -2
A8E  |    7 |   -4 |    0
A8F  |    3 |    3 |    2
A90  |   -6 |    1 |    0
A91  |   -1 |   -2 |    2
A92  |    4 |   -4 |    1
A93  |   -2 |    4 |    0
A94  |   -4 |   -5 |    0
A95  |   -1 |   -4 |    0
A96  |    6 |   -5 |    1
A97  |    5 |    7 |   -2
A98  |   -4 |   -6 |    2
A99  |   -6 |    6 |    0
A9A  |    2 |   -3 |    1
A9B  |    4 |   -6 |   -2
A9C  |   -1 |   -2 |    2
A9D  |    0 |   -5 |    1
A9E  |   -6 |   -2 |    2
A9F  |   -3 |    7 |    0
AA0  |   -7 |    3 |   -2
AA1  |   -1 |    2 |    1
AA2  |    0 |    1 |   -2
AA3  |    5 |   -7 |    0
AA4  |   -2 |   -2 |   -2
AA5  |   -3 |    1 |   -2
AA6  |    7 |    3 |   -1
AA7  |   -2 |   -4 |   -2
AA8  |    7 |    3 |    2
AA9  |   -6 |    4 |    1
AAA  |   -7 |   -6 |   -1
AAB  |   -1 |    5 |    1
AAC  |   -1 |   -4 |    1
AAD  |    2 |   -7 |    0
AAE  |    3 |   -5 |    0
AAF  |    2 |    2 |   -1
AB0  |    6 |    1 |    0
AB1  |   -6 |    2 |    0
AB2  |   -6 |   -3 |    0
AB3  |   -7 |    7 |    1
AB4  |    2 |    3 |   -1
AB5  |    0 |   -2 |    1
AB6  |    7 |   -5 |    2
AB7  |    0 |   -3 |    1
AB8  |   -7 |    3 |    2
AB9  |    4 |    0 |   -2
ABA  |    3 |   -2 |   -2
ABB  |    0 |   -4 |    2
ABC  |    1 |   -6 |    2
ABD  |    6 |    6 |    1
ABE  |   -4 |    1 |    2
ABF  |   -7 |    5 |   -1
AC0  |   -7 |    4 |   -2
AC1  |   -5 |   -7 |   -2
AC2  |    7 |   -7 |    2
AC3  |    6 |    5 |    0
AC4  |   -3 |   -4 |    0
AC5  |   -3 |   -1 |    2
AC6  |    1 |   -7 |   -1
AC7  |    2 |    1 |    0
AC8  |    6 |   -4 |    2
AC9  |    4 |   -5 |   -1
ACA  |   -6 |   -7 |   -1
ACB  |   -6 |    2 |    1
ACC  |   -2 |   -4 |   -1
ACD  |    7 |    1 |    0
ACE  |    1 |    5 |    0
ACF  |   -7 |    6 |    2
AD0  |    1 |    2 |    2
AD1  |    1 |   -2 |   -1
AD2  |    5 |   -2 |   -2
AD3  |    1 |   -7 |    1
AD4  |   -3 |    2 |   -2
AD5  |    5 |   -6 |   -1
AD6  |    7 |    3 |   -1
AD7  |    1 |   -2 |   -2
AD8  |    3 |   -6 |    1
AD9  |   -4 |   -5 |   -2
ADA  |   -6 |   -4 |    2
ADB  |    5 |    3 |    0
ADC  |   -2 |   -3 |    2
ADD  |    6 |    7 |    0
ADE  |   -4 |    1 |   -1
ADF  |   -2 |    4 |    1
AE0  |   -5 |    7 |   -2
AE1  |   -2 |    7 |    1
AE2  |   -6 |   -4 |   -2
AE3  |   -6 |    5 |    2
AE4  |    5 |    3 |    2
AE5  |    1 |    1 |   -2
AE6  |   -1 |    3 |    1
AE7  |   -5 |    2 |   -2
AE8  |    5 |   -5 |   -1
AE9  |    3 |    0 |    2
AEA  |   -7 |    4 |   -1
AEB  |    0 |   -7 |    2
AEC  |    6 |    3 |    2
AED  |   -2 |    1 |    0
AEE  |   -1 |    1 |   -1
AEF  |    1 |    2 |   -1
AF0  |   -3 |   -6 |    0
AF1  |    7 |   -4 |    1
AF2  |   -7 |    5 |   -1
AF3  |    4 |    0 |   -2
AF4  |    2 |   -1 |    0
AF5  |   -1 |   -7 |   -1
AF6  |    7 |   -3 |    1
AF7  |   -3 |   -1 |   -1
AF8  |   -5 |    7 |    2
AF9  |    4 |   -4 |   -2
AFA  |    5 |    7 |    0
AFB  |    1 |    7 |    2
AFC  |   -7 |   -7 |    1
AFD  |   -7 |    1 |    2
AFE  |   -7 |    6 |    2
AFF  |   -5 |   -3 |    1
B00  |    4 |    3 |    2
B01  |   -2 |   -6 |    0
B02  |    2 |    0 |   -1
B03  |    3 |    3 |    2
B04  |   -5 |    5 |    0
B05  |    0 |   -6 |   -1
B06  |    6 |   -5 |   -1
B07  |    6 |    6 |    2
B08  |    2 |    2 |    0
B09  |   -6 |   -7 |    2
B0A  |    6 |    3 |    1
B0B  |    1 |   -6 |   -1
B0C  |   -5 |    6 |    2
B0D  |   -3 |   -1 |   -1
B0E  |    2 |    2 |    0
B0F  |    0 |   -6 |   -2
B10  |   -6 |   -2 |    2
B11  |   -2 |    7 |    2
B12  |    4 |   -5 |   -1
B13  |   -3 |   -4 |    0
B14  |    5 |    3 |    1
B15  |    2 |    7 |    0
B16  |    1 |    5 |    2
B17  |    4 |    0 |    1
B18  |   -3 |    6 |    0
B19  |   -6 |   -5 |   -2
B1A  |   -3 |    2 |   -1
B1B  |    7 |   -2 |    0
B1C  |    4 |   -7 |    0
B1D  |   -4 |   -1 |   -2
B1E  |    7 |    0 |    2
B1F  |    3 |    3 |   -1
B20  |   -1 |    6 |    0
B21  |   -2 |    0 |    1
B22  |    6 |   -5 |    0
B23  |   -6 |    6 |   -1
B24  |    4 |    2 |    0
B25  |    3 |   -7 |   -2
B26  |    3 |    1 |    0
B27  |    5 |    5 |    0
B28  |   -3 |   -2 |    1
B29  |   -1 |    3 |   -2
B2A  |    3 |    1 |   -2
B2B  |   -1 |   -1 |    0
B2C  |    7 |   -7 |    1
B2D  |   -3 |    4 |    0
B2E  |    4 |    4 |    0
B2F  |    7 |   -7 |   -1
B30  |    1 |   -2 |   -1
B31  |   -4 |   -3 |    1
B32  |    3 |    1 |    2
B33  |   -5 |   -6 |   -1
B34  |    7 |    0 |    2
B35  |   -4 |    3 |   -2
B36  |   -3 |   -3 |   -1
B37  |    5 |   -6 |   -1
B38  |   -2 |    5 |    1
B39  |   -5 |    2 |    2
B3A  |   -6 |    3 |   -1
B3B  |    6 |    3 |   -1
B3C  |    5 |    4 |    1
B3D  |   -4 |   -2 |    1
B3E  |   -3 |    2 |    2
B3F  |   -4 |    0 |   -2
B40  |    6 |   -4 |   -2
B41  |    3 |   -6 |    0
B42  |    5 |    4 |   -1
B43  |    7 |    3 |    2
B44  |    4 |   -3 |   -1
B45  |   -5 |    7 |    2
B46  |    0 |    4 |    2
B47  |    2 |   -6 |    2
B48  |   -4 |   -6 |   -1
B49  |    6 |    7 |    1
B4A  |   -6 |   -2 |   -1
B4B  |   -6 |    3 |    2
B4C  |   -7 |    2 |    0
B4D  |    5 |    1 |   -2
B4E  |   -4 |    5 |    2
B4F  |    2 |   -4 |    0
B50  |    1 |   -2 |    1
B51  |    6 |   -1 |    2
B52  |    3 |    5 |    0
B53  |   -1 |    3 |    2
B54  |    7 |   -2 |   -1
B55  |    4 |    0 |    0
B56  |    2 |   -4 |   -1
B57  |   -1 |    4 |   -1
B58  |    5 |    7 |    0
B59  |    7 |   -7 |   -2
B5A  |   -1 |   -1 |    0
B5B  |    7 |   -5 |   -2
B5C  |    0 |    6 |    2
B5D  |   -7 |   -2 |    2
B5E  |    2 |   -6 |    0
B5F  |    5 |    1 |    2
B60  |    2 |   -7 |    1
B61  |    0 |   -2 |   -1
B62  |   -4 |   -2 |   -1
B63  |   -4 |   -3 |   -2
B64  |   -4 |    5 |    2
B65  |   -2 |   -3 |   -2
B66  |   -1 |   -7 |   -1
B67  |   -2 |    2 |   -1
B68  |   -7 |    4 |    2
B69  |    4 |   -3 |    1
B6A  |    0 |   -6 |    1
B6B  |    5 |   -1 |    2
B6C  |    2 |   -5 |    2
B6D  |    7 |    5 |   -2
B6E  |    3 |    7 |    2
B6F  |    5 |   -4 |    1
B70  |   -1 |   -5 |    2
B71  |   -2 |   -5 |   -2
B72  |   -2 |   -4 |   -2
B73  |   -3 |   -3 |   -2
B74  |   -2 |   -7 |   -2
B75  |    4 |   -4 |    0
B76  |    1 |    4 |    2
B77  |    2 |    4 |   -1
B78  |    1 |    3 |    2
B79  |    7 |    0 |    0
B7A  |    2 |    2 |   -2
B7B  |    0 |   -1 |    0
B7C  |    2 |    1 |    1
B7D  |    1 |   -3 |    1
B7E  |    5 |    5 |    2
B7F  |    2 |    7 |    2
B80  |    0 |    2 |   -1
B81  |    0 |   -4 |   -1
B82  |   -7 |    0 |    1
B83  |    2 |    1 |   -2
B84  |    3 |    5 |    0
B85  |   -3 |   -1 |   -1
B86  |   -4 |    6 |   -1
B87  |   -6 |   -1 |   -2
B88  |    0 |   -3 |   -2
B89  |   -5 |   -4 |    2
B8A  |   -4 |    6 |    0
B8B  |    4 |    2 |   -2
B8C  |   -1 |   -7 |   -1
B8D  |    2 |    2 |   -1
B8E  |    1 |    2 |    1
B8F  |   -6 |   -1 |   -2
B90  |   -5 |   -7 |    2
B91  |   -4 |   -7 |    0
B92  |    2 |   -3 |    2
B93  |   -7 |    5 |   -1
B94  |   -1 |    1 |    2
B95  |   -6 |   -2 |   -1
B96  |   -3 |   -5 |   -1
B97  |    7 |    5 |   -1
B98  |   -7 |   -5 |   -1
B99  |   -5 |   -1 |   -1
B9A  |    4 |   -2 |    1
B9B  |   -6 |    1 |    2
B9C  |   -7 |   -2 |    1
B9D  |   -1 |   -3 |    1
B9E  |   -3 |    2 |   -2
B9F  |   -7 |   -1 |   -2
BA0  |   -2 |   -7 |   -2
BA1  |   -3 |    4 |    0
BA2  |    7 |   -1 |   -2
BA3  |   -5 |   -5 |    2
BA4  |    4 |    6 |    1
BA5  |   -1 |    1 |    2
BA6  |    3 |    7 |   -2
BA7  |    2 |   -2 |    0
BA8  |    1 |    1 |    0
BA9  |    6 |    5 |    1
BAA  |    5 |    7 |    2
BAB  |    5 |   -3 |   -1
BAC  |    1 |   -1 |    2
BAD  |    6 |    5 |   -2
BAE  |    1 |    6 |   -1
BAF  |   -6 |   -4 |    0
BB0  |   -5 |    7 |    1
BB1  |   -1 |   -1 |    1
BB2  |   -3 |    5 |    0
BB3  |   -6 |   -7 |   -2
BB4  |   -5 |   -1 |    0
BB5  |    2 |    0 |   -2
BB6  |   -2 |   -3 |   -1
BB7  |    5 |   -6 |    0
BB8  |   -1 |   -3 |   -2
BB9  |    1 |   -2 |   -1
BBA  |   -7 |    4 |    0
BBB  |    3 |   -6 |    1
BBC  |   -1 |    6 |    0
BBD  |    0 |   -2 |    2
BBE  |    4 |   -2 |    0
BBF  |    6 |   -7 |    2
BC0  |   -5 |    6 |   -1
BC1  |   -4 |   -7 |    0
BC2  |    2 |    6 |   -1
BC3  |   -2 |    3 |   -1
BC4  |    2 |    2 |   -2
BC5  |   -1 |   -5 |   -1
BC6  |    5 |    6 |   -1
BC7  |    6 |    2 |    0
BC8  |   -4 |    2 |    0
BC9  |    0 |    7 |    1
BCA  |   -3 |    4 |   -2
BCB  |   -7 |   -5 |   -1
BCC  |   -4 |   -4 |   -2
BCD  |   -5 |   -6 |    2
BCE  |    1 |    1 |   -1
BCF  |    0 |    2 |   -2
BD0  |   -7 |    4 |    1
BD1  |    3 |    3 |    1
BD2  |   -2 |    6 |   -1
BD3  |    1 |   -1 |    2
BD4  |   -1 |   -1 |    1
BD5  |   -4 |    7 |    1
BD6  |    5 |   -2 |    2
BD7  |   -7 |    7 |   -2
BD8  |    4 |   -5 |    1
BD9  |   -6 |   -2 |    0
BDA  |    4 |    7 |    1
BDB  |   -3 |    6 |   -2
BDC  |    4 |    4 |   -2
BDD  |    3 |    0 |   -1
BDE  |   -3 |    0 |    0
BDF  |    0 |    3 |   -2
BE0  |   -2 |    5 |    2
BE1  |    0 |    1 |    0
BE2  |   -6 |    7 |    0
BE3  |   -5 |   -7 |    2
BE4  |   -2 |    6 |    1
BE5  |    4 |   -7 |    2
BE6  |    5 |   -5 |    2
BE7  |    2 |   -5 |    1
BE8  |   -5 |    2 |    1
BE9  |   -2 |    0 |    1
BEA  |   -2 |    7 |    1
BEB  |   -6 |    2 |    1
BEC  |   -1 |   -7 |    2
BED  |    4 |    5 |   -1
BEE  |   -6 |   -6 |   -1
BEF  |   -2 |   -6 |   -2
BF0  |   -7 |   -5 |   -1
BF1  |   -5 |    5 |   -1
BF2  |   -6 |   -2 |    2
BF3  |   -1 |   -7 |    1
BF4  |    6 |   -6 |    1
BF5  |   -4 |    5 |    2
BF6  |    0 |    7 |   -1
BF7  |   -2 |    5 |    2
BF8  |    4 |   -7 |   -2
BF9  |    2 |   -3 |    1
BFA  |   -4 |    5 |    0
BFB  |   -3 |    5 |   -2
BFC  |    5 |   -1 |   -2
BFD  |    5 |    0 |    2
BFE  |    7 |    2 |   -1
BFF  |    7 |   -7 |    1
