ROW | EXT_1 | EXT_2 | EXT_3 | EXT_4
-----------------------------------
000 |    31 |   -17 |    23 |     2
001 |    31 |   -17 |    23 |     2
002 |   -26 |   -19 |    31 |    20
003 |   -22 |   -13 |   -12 |   -13
004 |    28 |   -17 |    12 |     0
005 |    -2 |   -32 |   -21 |   -17
006 |   -32 |   -26 |   -19 |    -4
007 |    -9 |   -13 |   -19 |     2
008 |   -22 |    19 |    -6 |    31
009 |     9 |   -32 |    21 |     6
00A |     6 |     0 |     1 |    -6
00B |     9 |   -26 |    23 |    13
00C |    20 |   -24 |    12 |   -15
00D |     4 |     0 |    -1 |    -6
00E |    22 |    24 |    14 |    15
00F |     2 |   -32 |    14 |    26
010 |   -26 |    22 |     5 |    -3
011 |    13 |    28 |   -12 |    14
012 |   -24 |    19 |     8 |     1
013 |    11 |    31 |    -1 |    -3
014 |     9 |    22 |   -12 |     1
015 |     0 |    30 |    23 |   -23
016 |   -19 |    31 |     1 |   -12
017 |   -11 |    30 |     1 |     8
018 |   -28 |    30 |    31 |    -1
019 |    22 |    30 |    21 |    -3
01A |     0 |    22 |    31 |    10
01B |     7 |    13 |     5 |    -8
01C |   -20 |    26 |    18 |     7
01D |   -20 |    -7 |     3 |    -8
01E |   -13 |    31 |     8 |   -32
01F |     4 |    17 |    11 |     1
020 |    11 |    24 |    28 |     5
021 |     7 |    15 |    17 |     1
022 |     7 |    30 |   -11 |    14
023 |    22 |    20 |    26 |     8
024 |    11 |    31 |     6 |    18
025 |     9 |    31 |    13 |     1
026 |    11 |    24 |     0 |    18
027 |     6 |    11 |    26 |    18
028 |    22 |    31 |    17 |    14
029 |     2 |    13 |     9 |    29
02A |    11 |    11 |     9 |    -1
02B |     9 |     6 |    22 |   -12
02C |     6 |    31 |    13 |    -5
02D |    20 |    -4 |    19 |    29
02E |    -7 |   -13 |     7 |     1
02F |    -2 |    -7 |    27 |    31
030 |   -26 |   -26 |   -32 |    31
031 |     0 |     0 |     3 |    -5
032 |     0 |    15 |   -19 |    23
033 |    26 |     9 |    16 |    14
034 |   -15 |    20 |     8 |    29
035 |     4 |     0 |   -18 |     5
036 |    15 |     0 |   -21 |     7
037 |     6 |   -26 |     1 |    31
038 |     0 |    11 |     1 |     5
039 |   -17 |     0 |   -29 |   -10
03A |     4 |    -7 |    25 |   -12
03B |     2 |     2 |   -16 |    27
03C |    -6 |     4 |    10 |    21
03D |   -19 |    31 |    21 |     0
03E |     7 |    27 |    29 |   -19
03F |     1 |    16 |    20 |   -15
040 |    31 |    -1 |    27 |    11
041 |     5 |    16 |    31 |   -15
042 |     1 |     7 |    10 |   -13
043 |   -16 |    -3 |    14 |     4
044 |   -32 |    29 |    -1 |   -32
045 |     1 |    10 |    10 |     0
046 |   -12 |    25 |    14 |   -15
047 |    14 |     7 |    31 |    -4
048 |     5 |    29 |    27 |   -30
049 |   -12 |     7 |    21 |   -11
04A |    14 |    -5 |    18 |     0
04B |    -8 |    31 |    31 |     6
04C |     0 |     0 |     0 |   -21
04D |     9 |     0 |    -6 |   -23
04E |    -2 |     2 |   -11 |   -32
04F |     0 |     4 |     0 |   -12
050 |     6 |    13 |    13 |   -32
051 |     0 |     2 |    -4 |   -12
052 |    11 |     6 |   -30 |   -12
053 |     2 |    -2 |    17 |   -12
054 |    31 |     6 |   -26 |    14
055 |     9 |    24 |     9 |   -32
056 |     4 |    -9 |    22 |    -3
057 |    22 |    -9 |     7 |    -6
058 |     2 |    -4 |    -6 |   -18
059 |    30 |   -26 |    11 |    12
05A |   -11 |     6 |    -6 |   -27
05B |     4 |    -9 |    -6 |     0
05C |     4 |     0 |    13 |    -4
05D |   -17 |    20 |   -17 |    31
05E |   -17 |    -7 |    13 |    -7
05F |   -24 |   -15 |   -13 |    26
060 |   -13 |   -15 |   -15 |     9
061 |     0 |   -19 |    19 |   -13
062 |     6 |     2 |    30 |    -2
063 |   -13 |    -2 |   -19 |    31
064 |     7 |     0 |    -6 |     7
065 |   -26 |    -7 |   -17 |     2
066 |   -22 |     9 |     4 |   -13
067 |   -20 |   -17 |    13 |    13
068 |     0 |     4 |    31 |     2
069 |   -11 |     9 |   -11 |     6
06A |   -32 |    30 |   -27 |    22
06B |    19 |   -11 |     7 |   -11
06C |    26 |    13 |    14 |    26
06D |    28 |   -15 |    29 |    13
06E |    13 |    31 |    31 |    22
06F |     9 |    26 |    31 |    13
070 |    30 |    31 |    31 |    26
071 |    19 |    31 |    31 |     6
072 |    15 |    31 |    14 |    31
073 |    13 |    17 |     8 |    24
074 |     4 |    31 |    10 |    26
075 |    20 |    19 |    10 |    13
076 |    30 |    28 |     3 |    26
077 |    31 |    30 |    20 |    15
078 |    11 |    26 |    14 |    15
079 |    13 |   -15 |    -1 |     1
07A |    31 |   -32 |    -6 |     5
07B |    26 |   -26 |     3 |    14
07C |    22 |   -17 |     5 |    18
07D |    13 |   -30 |    25 |    10
07E |    31 |   -17 |    23 |     1
07F |    31 |     0 |   -31 |    18
080 |    30 |   -19 |     5 |     3
081 |    31 |   -32 |     5 |     1
082 |   -17 |     2 |   -32 |    -1
083 |    13 |    -7 |     8 |    31
084 |    26 |    11 |    21 |    31
085 |    31 |     4 |    27 |    12
086 |     0 |     4 |   -19 |   -19
087 |    31 |     9 |    -5 |    14
088 |   -28 |    -7 |    13 |     0
089 |    11 |    -9 |    11 |    -4
08A |    24 |    -6 |   -13 |     2
08B |    30 |     0 |   -15 |     0
08C |    20 |     4 |     7 |    -6
08D |     6 |    -9 |   -17 |    13
08E |     2 |    -6 |   -13 |    13
08F |    20 |    -2 |     0 |    13
090 |    11 |     0 |     0 |     6
091 |    28 |    -2 |    -6 |    -4
092 |     4 |    -2 |     4 |    15
093 |    15 |   -13 |    -2 |    13
094 |    13 |    -4 |    -6 |    -2
095 |    31 |    -4 |     7 |    -6
096 |     0 |   -32 |     2 |    13
097 |    20 |    31 |    19 |   -32
098 |   -32 |   -32 |    26 |   -28
099 |   -10 |     5 |    31 |   -32
09A |    31 |    -1 |    -6 |   -11
09B |    10 |     1 |     7 |   -28
09C |    -3 |    21 |    24 |   -26
09D |    21 |   -16 |     2 |   -20
09E |     5 |    12 |    -4 |   -32
09F |    31 |   -23 |     0 |   -32
0A0 |    21 |   -14 |    -7 |   -32
0A1 |    23 |   -18 |    17 |   -32
0A2 |     8 |   -10 |     6 |   -15
0A3 |     5 |    -8 |    -6 |   -30
0A4 |    20 |    16 |    17 |   -26
0A5 |    14 |     7 |    20 |   -20
0A6 |   -19 |   -28 |    -2 |     9
0A7 |   -23 |   -17 |    -9 |     9
0A8 |     5 |   -28 |    26 |    17
0A9 |   -12 |   -17 |    19 |    13
0AA |    -5 |     4 |    24 |    24
0AB |   -32 |   -22 |    11 |     6
0AC |   -25 |    -9 |    -9 |   -19
0AD |   -14 |   -32 |    -2 |     7
0AE |   -12 |   -26 |     9 |    31
0AF |    -5 |    13 |     0 |    31
0B0 |     3 |   -26 |    24 |     2
0B1 |    31 |   -13 |   -26 |   -11
0B2 |    20 |   -28 |   -26 |    22
0B3 |   -25 |   -32 |     0 |   -15
0B4 |   -18 |    -7 |    31 |    26
0B5 |   -12 |    22 |    -1 |     0
0B6 |     1 |    -9 |    -5 |     9
0B7 |    -5 |   -32 |    10 |    20
0B8 |     7 |     0 |   -32 |   -13
0B9 |     1 |     6 |    14 |    11
0BA |    -6 |    17 |    -3 |     2
0BB |   -21 |     2 |     1 |     7
0BC |   -18 |    -9 |    27 |    31
0BD |   -27 |    22 |    21 |   -15
0BE |    20 |    20 |     3 |    -7
0BF |   -19 |   -20 |    -5 |     0
0C0 |    -3 |    22 |    -1 |     4
0C1 |    -8 |    19 |     1 |     4
0C2 |   -12 |   -32 |     5 |    20
0C3 |   -27 |   -15 |    14 |    11
0C4 |     5 |    13 |     0 |     1
0C5 |    12 |   -22 |     4 |    27
0C6 |    31 |    31 |     4 |    10
0C7 |    31 |    26 |   -15 |    18
0C8 |    25 |    22 |    13 |    12
0C9 |     8 |     2 |    17 |    14
0CA |    31 |   -11 |    24 |    14
0CB |    27 |     0 |     0 |   -12
0CC |     5 |    20 |     7 |     8
0CD |    -6 |    -2 |    19 |    16
0CE |    20 |     9 |    31 |    27
0CF |     7 |     0 |   -26 |    16
0D0 |    18 |    20 |    -7 |    20
0D1 |    18 |    19 |    -7 |    23
0D2 |     7 |    22 |    13 |    21
0D3 |    -7 |     2 |    -5 |    19
0D4 |   -24 |    -6 |   -32 |    -9
0D5 |    -6 |     2 |   -16 |     0
0D6 |     9 |     2 |    10 |    24
0D7 |    -2 |    -7 |    -8 |     6
0D8 |   -15 |    -2 |    -5 |     9
0D9 |   -13 |   -15 |   -12 |     2
0DA |   -11 |   -15 |    -3 |     0
0DB |     6 |     6 |   -10 |    -2
0DC |    15 |     7 |    14 |    20
0DD |    -2 |     4 |   -19 |    20
0DE |   -17 |    -4 |   -12 |     4
0DF |    13 |   -30 |    18 |    17
0E0 |    13 |    -6 |   -18 |    13
0E1 |   -15 |     9 |    -5 |    13
0E2 |   -10 |     9 |     4 |    17
0E3 |     1 |   -30 |     7 |    11
0E4 |   -14 |    17 |    -6 |    26
0E5 |   -12 |   -17 |    22 |     6
0E6 |     8 |   -15 |    15 |     9
0E7 |     8 |    31 |    13 |    26
0E8 |     8 |    26 |     2 |    31
0E9 |    23 |   -17 |    20 |     9
0EA |    -8 |    13 |    -4 |    -7
0EB |    -5 |    -7 |     4 |    30
0EC |     1 |   -15 |    -6 |   -26
0ED |     1 |   -13 |     7 |     0
0EE |     7 |     9 |    15 |    11
0EF |    21 |    -2 |    13 |    -4
0F0 |    31 |     4 |   -11 |    15
0F1 |   -12 |    13 |    -1 |   -10
0F2 |   -32 |    -6 |    -1 |     1
0F3 |   -32 |    17 |     5 |    -8
0F4 |   -31 |    15 |   -14 |    -8
0F5 |   -23 |    31 |    -1 |   -14
0F6 |   -21 |    31 |    -5 |   -18
0F7 |   -32 |     9 |    31 |   -32
0F8 |   -16 |     7 |    -8 |   -21
0F9 |   -32 |    26 |    -5 |     1
0FA |     1 |     6 |    23 |     3
0FB |   -32 |    15 |    -8 |     3
0FC |     3 |    -9 |   -14 |   -12
0FD |   -32 |     6 |    14 |    -1
0FE |   -19 |     2 |     1 |     1
0FF |   -10 |    11 |   -21 |    -1
100 |    29 |    31 |    15 |    -1
101 |    18 |    30 |     6 |   -25
102 |   -32 |    20 |   -32 |     5
103 |     5 |     7 |   -11 |   -12
104 |   -18 |     9 |   -28 |   -10
105 |   -16 |     6 |   -11 |   -12
106 |     1 |    31 |   -11 |    -5
107 |    -6 |    19 |    11 |    12
108 |    14 |    15 |   -30 |    20
109 |   -31 |    11 |    -4 |    -1
10A |    27 |   -30 |     0 |   -32
10B |   -10 |    24 |   -26 |    -3
10C |    -6 |    20 |    -4 |    -1
10D |     8 |    13 |   -20 |    -6
10E |    -6 |     6 |    -7 |    -8
10F |    12 |   -25 |    -6 |     8
110 |   -12 |   -32 |    -7 |    -6
111 |    -3 |     1 |    -4 |   -25
112 |   -12 |   -10 |    -7 |     8
113 |     7 |    -6 |     7 |    14
114 |    16 |   -25 |    24 |     3
115 |   -10 |   -27 |    13 |    21
116 |   -25 |   -25 |   -15 |    -5
117 |     8 |   -23 |   -13 |     5
118 |   -27 |   -19 |    31 |    27
119 |    14 |    -6 |   -19 |     1
11A |     3 |    23 |   -17 |   -21
11B |   -32 |    -6 |     0 |     1
11C |    14 |   -32 |    11 |    21
11D |    14 |   -25 |    11 |     8
11E |    -1 |    17 |     1 |     7
11F |   -23 |    26 |     5 |    19
120 |    -1 |    -4 |    14 |    -2
121 |     3 |    19 |    23 |    -6
122 |   -27 |    20 |   -10 |    31
123 |     3 |    -7 |    -5 |   -15
124 |     1 |     6 |   -12 |     0
125 |    10 |     4 |    16 |     4
126 |    16 |     4 |   -32 |     0
127 |    -1 |   -15 |    27 |    -6
128 |   -25 |     2 |    -8 |    13
129 |     1 |   -13 |    -8 |    -7
12A |    -6 |     7 |   -12 |     7
12B |    31 |     6 |   -25 |    13
12C |     1 |     7 |    -3 |    -2
12D |     3 |   -12 |    10 |    18
12E |     5 |    23 |    21 |    27
12F |    -8 |     7 |   -12 |   -12
130 |    10 |    31 |    18 |     7
131 |    27 |   -23 |    20 |    25
132 |    27 |     1 |     1 |     5
133 |     5 |   -19 |     1 |     7
134 |    31 |   -27 |    -5 |   -32
135 |    16 |    31 |     7 |    27
136 |     1 |     3 |    27 |    31
137 |    10 |   -12 |     1 |     8
138 |    25 |    -1 |    27 |     5
139 |    31 |    16 |   -10 |     1
13A |    10 |    16 |    -8 |     1
13B |    27 |    -6 |    31 |    31
13C |     8 |     1 |     6 |   -32
13D |   -18 |    31 |    15 |    19
13E |   -25 |    31 |     4 |    22
13F |     3 |    31 |   -11 |    26
140 |   -12 |    20 |    -9 |    15
141 |     3 |    14 |     0 |     6
142 |   -32 |    14 |   -32 |    -2
143 |    20 |    10 |     4 |    -4
144 |    31 |    10 |    19 |   -13
145 |   -14 |    25 |   -13 |     0
146 |    -3 |    27 |   -15 |    -4
147 |    -3 |    16 |   -30 |   -11
148 |   -10 |    23 |    -7 |     0
149 |    12 |    31 |    11 |   -13
14A |   -32 |    31 |   -26 |   -20
14B |    -4 |    -9 |   -13 |     0
14C |    -7 |    13 |   -32 |   -13
14D |    -7 |    13 |   -26 |   -22
14E |     2 |     2 |   -15 |     7
14F |    26 |    17 |    -6 |    -7
150 |    31 |     0 |     9 |    15
151 |    -7 |    -4 |   -13 |     0
152 |    -6 |    13 |   -26 |    -7
153 |    31 |    -2 |   -20 |     6
154 |    -6 |    19 |     6 |   -15
155 |     9 |    13 |   -11 |    11
156 |   -11 |     0 |   -11 |    -2
157 |    -2 |   -13 |     2 |    -4
158 |    28 |     2 |     0 |   -22
159 |     4 |    28 |    -9 |    -4
15A |    -4 |    22 |   -14 |   -14
15B |    13 |     0 |    31 |    10
15C |   -32 |     0 |    31 |     5
15D |   -15 |   -13 |   -12 |   -27
15E |    -9 |     2 |   -12 |    31
15F |    -6 |    20 |   -14 |    14
160 |     0 |    31 |    10 |   -19
161 |   -22 |    -7 |     1 |    -3
162 |    -4 |    17 |    -3 |    25
163 |    -4 |    -6 |     1 |    -1
164 |   -24 |   -11 |    31 |   -16
165 |    13 |     6 |    31 |   -16
166 |     9 |     4 |    27 |    12
167 |     9 |     4 |   -14 |     1
168 |    -6 |   -32 |     3 |   -18
169 |    -6 |    -5 |    -1 |     2
16A |   -24 |    29 |     5 |   -15
16B |   -32 |    -3 |   -32 |    13
16C |     7 |    12 |   -32 |    19
16D |     2 |    -3 |    -3 |   -11
16E |    26 |   -23 |   -16 |   -17
16F |    -9 |    -1 |     8 |    13
170 |    17 |    -1 |    -6 |    17
171 |    28 |    10 |    31 |    -4
172 |   -13 |     3 |   -32 |     0
173 |   -32 |   -14 |   -21 |     7
174 |    -4 |    -6 |   -14 |     0
175 |    31 |    20 |    -3 |     2
176 |    26 |    31 |    31 |    -7
177 |   -26 |    -3 |    29 |     0
178 |     4 |   -11 |    12 |   -27
179 |    26 |    15 |     8 |    18
17A |    -4 |    19 |    -5 |    20
17B |    11 |    13 |     3 |    23
17C |    11 |    31 |     7 |    31
17D |    22 |    31 |     5 |   -19
17E |     0 |   -22 |     3 |    18
17F |     9 |    30 |     3 |    20
180 |    30 |     0 |    -6 |   -25
181 |    11 |    -2 |    -1 |    31
182 |    17 |    31 |    -5 |   -16
183 |    -2 |    31 |     1 |     1
184 |     6 |    -4 |   -12 |   -32
185 |    17 |    26 |    21 |    14
186 |     6 |    31 |     7 |   -31
187 |    -6 |    -2 |     2 |     1
188 |   -32 |    17 |    -7 |    18
189 |     6 |     7 |    19 |     7
18A |    -2 |    17 |    -6 |    23
18B |    30 |    31 |    -7 |    31
18C |   -15 |    -7 |   -28 |     5
18D |     4 |   -19 |    17 |    23
18E |   -13 |    19 |     9 |    21
18F |   -32 |    -6 |     9 |     1
190 |   -11 |    31 |    -7 |    31
191 |   -11 |     0 |    -6 |     7
192 |   -20 |    26 |   -28 |    -3
193 |   -19 |    17 |    13 |     1
194 |     4 |    15 |     4 |    23
195 |   -11 |    22 |   -24 |    18
196 |    -9 |    -9 |     7 |    -6
197 |   -19 |    -6 |   -19 |    24
198 |   -17 |    20 |     9 |    28
199 |   -24 |   -13 |   -20 |    30
19A |    -9 |    -2 |     4 |     4
19B |     0 |     0 |    -6 |    22
19C |    -9 |     4 |    -9 |     9
19D |    15 |     0 |     6 |    13
19E |    13 |    -4 |    31 |     4
19F |    31 |     0 |    31 |     7
1A0 |   -13 |    -7 |     2 |    31
1A1 |     9 |     7 |   -13 |   -13
1A2 |    19 |     7 |   -32 |    15
1A3 |   -32 |     4 |     6 |     6
1A4 |     9 |   -19 |     0 |    19
1A5 |    -9 |     5 |     1 |     9
1A6 |   -11 |     1 |    -1 |    -4
1A7 |   -17 |    27 |     3 |    19
1A8 |    -4 |    21 |    16 |     2
1A9 |   -28 |    31 |    -5 |   -32
1AA |     0 |    14 |    31 |    11
1AB |    -4 |    27 |    31 |    13
1AC |   -15 |    -8 |    14 |    22
1AD |   -13 |    31 |     8 |    19
1AE |    17 |    27 |    -6 |     2
1AF |     4 |    -5 |     1 |    20
1B0 |   -11 |    -3 |    23 |     0
1B1 |    -7 |    -5 |    31 |    -9
1B2 |   -11 |    -8 |    10 |    -7
1B3 |   -13 |    31 |    20 |    26
1B4 |    -6 |    -4 |    -7 |    14
1B5 |   -32 |   -15 |    20 |     5
1B6 |    -9 |   -32 |    26 |    31
1B7 |    13 |     6 |   -20 |    31
1B8 |    11 |    -4 |   -13 |    31
1B9 |    26 |   -17 |   -32 |    -5
1BA |    -9 |    11 |    -9 |    -6
1BB |    17 |     4 |    -6 |   -23
1BC |   -13 |    22 |    -9 |    20
1BD |     0 |    19 |   -13 |    21
1BE |    13 |    15 |   -13 |    31
1BF |    20 |    -4 |    -4 |    -8
1C0 |    31 |    20 |    11 |     5
1C1 |     6 |    -6 |   -13 |     5
1C2 |    13 |    -2 |    -2 |    21
1C3 |     7 |    -6 |     0 |    21
1C4 |    13 |     6 |    -4 |    -8
1C5 |     7 |     2 |   -13 |     3
1C6 |   -11 |     0 |    -6 |    -5
1C7 |    -2 |    13 |    -7 |     3
1C8 |   -15 |   -15 |   -20 |     1
1C9 |    15 |    -9 |    -7 |     3
1CA |     7 |    11 |   -13 |     3
1CB |   -17 |     6 |   -28 |     5
1CC |    13 |     7 |     6 |    -6
1CD |    -7 |    19 |    15 |    -3
1CE |    -9 |     7 |     7 |    27
1CF |   -24 |    -9 |   -13 |    23
1D0 |    13 |   -13 |    11 |    -3
1D1 |     9 |     4 |    24 |    31
1D2 |     9 |   -11 |    26 |    -9
1D3 |    -6 |    26 |     4 |   -26
1D4 |     0 |   -13 |    -2 |   -32
1D5 |     7 |    26 |     6 |   -13
1D6 |     2 |    15 |    20 |    -9
1D7 |   -20 |    31 |    13 |    -2
1D8 |     7 |    -6 |    19 |     7
1D9 |   -30 |    17 |    15 |    31
1DA |   -22 |    17 |    26 |     7
1DB |   -17 |    15 |    31 |     6
1DC |     7 |    17 |    19 |   -11
1DD |    -2 |     6 |    26 |    13
1DE |   -24 |    31 |    -7 |   -20
1DF |    15 |    31 |     0 |     7
1E0 |     2 |    31 |    13 |    19
1E1 |   -13 |    10 |    14 |     7
1E2 |    11 |    31 |     8 |    13
1E3 |     2 |    31 |   -23 |    -7
1E4 |    24 |    23 |   -32 |     4
1E5 |    13 |    31 |     8 |     2
1E6 |    -4 |    31 |     3 |    13
1E7 |    15 |    31 |   -25 |    31
1E8 |   -17 |    25 |    14 |     7
1E9 |   -11 |    27 |   -25 |     7
1EA |   -22 |    14 |     1 |    15
1EB |    28 |    16 |    25 |    28
1EC |    20 |    21 |   -27 |   -15
1ED |    20 |    21 |   -18 |   -11
1EE |     4 |    31 |     5 |    -6
1EF |     7 |    31 |   -16 |   -24
1F0 |     5 |    -3 |     5 |   -13
1F1 |     1 |    31 |    14 |   -13
1F2 |   -14 |     7 |    16 |    17
1F3 |    -5 |    12 |   -10 |    -4
1F4 |    -1 |    25 |    16 |     6
1F5 |   -21 |    16 |    -6 |    26
1F6 |     1 |    27 |     8 |     0
1F7 |    -6 |    29 |     7 |    26
1F8 |    -3 |    10 |    -8 |    13
1F9 |     8 |    14 |    -8 |     0
1FA |     8 |    12 |    -5 |     0
1FB |   -12 |    23 |    21 |     6
1FC |     8 |    31 |   -10 |     7
1FD |   -14 |    21 |   -12 |    11
1FE |   -12 |    23 |    14 |    20
1FF |   -20 |   -17 |   -31 |     2
200 |    31 |    20 |   -12 |    31
201 |    11 |    22 |     1 |    19
202 |    31 |    26 |    31 |    31
203 |    -7 |    -2 |    21 |    15
204 |    31 |    -4 |    31 |    11
205 |    31 |   -26 |     8 |   -11
206 |    19 |    19 |    31 |     4
207 |    31 |     0 |    31 |    -9
208 |    31 |     9 |    31 |    13
209 |    31 |    19 |     8 |     6
20A |     2 |    20 |    31 |    19
20B |    17 |     6 |     3 |     0
20C |    31 |     0 |     5 |     7
20D |     2 |     6 |    25 |    11
20E |    -6 |    14 |    26 |    -5
20F |   -32 |    -6 |   -30 |   -27
210 |     3 |    25 |   -26 |    -3
211 |    -5 |    31 |   -15 |    20
212 |   -23 |    21 |     6 |     8
213 |   -18 |    21 |   -26 |    29
214 |     1 |    -1 |    13 |   -18
215 |   -19 |    20 |    -2 |    31
216 |   -10 |    31 |    24 |   -12
217 |     8 |    31 |     7 |    14
218 |    10 |    14 |   -26 |    10
219 |   -10 |     1 |    28 |    21
21A |     3 |    21 |   -28 |    16
21B |    -8 |    31 |   -30 |    25
21C |   -25 |    25 |   -15 |    25
21D |     0 |    11 |    15 |   -10
21E |   -15 |   -19 |     0 |    27
21F |    -9 |    31 |     7 |   -32
220 |   -24 |     6 |    11 |    -1
221 |   -32 |    -6 |     9 |     1
222 |    31 |    -2 |    -7 |    31
223 |     2 |    -7 |    -9 |    23
224 |     2 |    19 |    19 |     1
225 |   -11 |     9 |     2 |    18
226 |   -17 |   -17 |    -9 |   -25
227 |     0 |    28 |    26 |    27
228 |   -32 |    15 |    31 |   -12
229 |    31 |     7 |    31 |    -5
22A |   -26 |   -26 |     6 |    -3
22B |    -2 |   -26 |     6 |    27
22C |     1 |   -19 |    -7 |   -32
22D |    -3 |    -8 |     9 |   -11
22E |   -10 |    -8 |     6 |    20
22F |    -5 |    18 |     0 |     7
230 |   -19 |    21 |   -11 |     4
231 |    10 |   -27 |     6 |     4
232 |     7 |   -25 |    26 |    11
233 |   -29 |   -12 |    -7 |    22
234 |     7 |    -8 |    11 |     7
235 |   -12 |   -31 |    -6 |    -6
236 |    23 |   -19 |    -9 |    31
237 |    -5 |   -12 |    17 |     0
238 |   -32 |    -5 |    11 |    24
239 |   -25 |    -5 |    19 |    13
23A |   -32 |   -25 |   -26 |    26
23B |     6 |    24 |    31 |   -19
23C |    31 |   -22 |   -15 |    22
23D |    -9 |   -28 |    -2 |     7
23E |    26 |   -22 |    31 |     6
23F |    -4 |    -6 |    26 |    13
240 |     0 |    13 |    26 |     2
241 |   -22 |   -24 |    26 |    31
242 |    24 |   -32 |    17 |    26
243 |    13 |    -6 |    31 |    19
244 |    20 |    -2 |     2 |    31
245 |    13 |    13 |    26 |    -2
246 |     0 |   -32 |     7 |    31
247 |     7 |     4 |     0 |     6
248 |    17 |    22 |     7 |    31
249 |    -4 |     6 |    19 |     6
24A |    -6 |   -10 |    -7 |     7
24B |    -1 |   -32 |    15 |    -4
24C |    -6 |   -27 |     0 |    -2
24D |    16 |   -14 |    20 |    13
24E |   -25 |   -16 |    31 |    31
24F |   -32 |     1 |    31 |    13
250 |   -32 |     7 |    -4 |    31
251 |   -18 |   -12 |    31 |    -7
252 |   -16 |    12 |    13 |    13
253 |    -8 |   -32 |    28 |    31
254 |    -8 |     1 |     7 |    17
255 |   -16 |     1 |    28 |    11
256 |   -10 |    16 |    19 |     4
257 |     8 |   -32 |    11 |    -4
258 |    12 |    -5 |     2 |     9
259 |    -8 |     7 |    -9 |    19
25A |   -18 |   -13 |    31 |   -32
25B |     5 |   -24 |    20 |    19
25C |    -8 |   -32 |    13 |   -26
25D |    10 |   -15 |    31 |   -15
25E |    -1 |   -19 |    19 |   -22
25F |   -32 |     0 |   -22 |     4
260 |   -25 |     9 |    31 |     2
261 |     1 |    20 |    31 |    -7
262 |    -3 |     0 |    15 |    -2
263 |   -23 |     0 |    22 |    -7
264 |   -19 |   -13 |    22 |     2
265 |   -31 |   -13 |    31 |     2
266 |   -21 |     0 |     9 |    -4
267 |    21 |    30 |    31 |   -20
268 |    13 |     1 |     1 |   -21
269 |    17 |     1 |    -1 |    16
26A |   -20 |   -12 |    31 |   -23
26B |    17 |    31 |    12 |   -21
26C |   -19 |     1 |   -32 |   -10
26D |    13 |   -29 |    -8 |   -32
26E |   -15 |   -10 |     3 |   -12
26F |    -9 |   -14 |     7 |   -12
270 |    13 |   -32 |    23 |   -32
271 |   -11 |     7 |     5 |   -32
272 |   -24 |   -19 |   -25 |   -32
273 |    17 |   -10 |   -25 |   -10
274 |    15 |   -14 |   -12 |   -12
275 |    17 |     7 |   -23 |    -3
276 |    13 |   -23 |   -27 |    20
277 |    14 |    15 |   -12 |    -5
278 |   -10 |    15 |    -6 |    -3
279 |   -25 |     9 |    10 |    -6
27A |   -21 |     9 |    16 |    14
27B |   -18 |   -32 |    27 |    31
27C |   -32 |    31 |    14 |   -12
27D |   -23 |    31 |    18 |    12
27E |    -1 |    31 |    -1 |   -32
27F |   -31 |    30 |    31 |   -32
280 |   -19 |     2 |     8 |   -27
281 |   -32 |   -13 |   -21 |    14
282 |    31 |     9 |    29 |    -6
283 |   -25 |     0 |    16 |    14
284 |   -12 |     0 |    20 |   -27
285 |   -27 |    11 |    25 |    -6
286 |    -2 |   -14 |    -8 |    19
287 |   -26 |   -25 |    25 |    -7
288 |   -19 |     5 |    -3 |   -19
289 |   -32 |    14 |   -29 |   -32
28A |   -26 |    31 |    21 |   -32
28B |   -32 |   -10 |     1 |   -15
28C |    -6 |     1 |   -18 |     0
28D |   -17 |    -3 |    21 |   -30
28E |     0 |   -32 |    14 |   -15
28F |     6 |     1 |   -19 |     7
290 |   -32 |     5 |   -18 |    -7
291 |   -11 |   -32 |    16 |   -30
292 |   -28 |    -8 |     7 |   -15
293 |   -32 |    -3 |    31 |   -15
294 |   -11 |     8 |    14 |    15
295 |    15 |    -6 |     1 |   -13
296 |     0 |    26 |   -16 |   -20
297 |    -9 |    -9 |   -18 |   -15
298 |    -7 |    15 |     8 |     0
299 |    -7 |     4 |     1 |     9
29A |    -9 |   -28 |    -3 |   -32
29B |    -4 |    31 |     7 |    22
29C |    -9 |     9 |     1 |   -22
29D |    -6 |    19 |    -1 |     0
29E |    -7 |    13 |    -5 |   -32
29F |    31 |     7 |   -32 |   -11
2A0 |   -11 |   -20 |   -18 |   -32
2A1 |    -9 |    13 |     1 |    -7
2A2 |    17 |    13 |   -32 |   -13
2A3 |   -32 |    -6 |    25 |    -4
2A4 |     1 |    -6 |     3 |    17
2A5 |    10 |   -21 |    21 |    20
2A6 |    14 |     3 |    -8 |    -6
2A7 |     1 |   -31 |   -14 |    20
2A8 |   -14 |   -29 |    18 |    -6
2A9 |   -23 |   -16 |   -12 |    30
2AA |    16 |   -32 |   -19 |     6
2AB |    14 |    -5 |    18 |     7
2AC |    14 |   -32 |   -12 |    31
2AD |    -3 |   -18 |   -23 |    20
2AE |     7 |   -27 |     8 |    24
2AF |   -14 |     3 |     1 |    31
2B0 |   -12 |   -21 |    -3 |    17
2B1 |   -10 |   -25 |    12 |    -4
2B2 |   -16 |   -12 |   -12 |    20
2B3 |    -9 |   -32 |   -29 |   -32
2B4 |     6 |   -24 |   -16 |   -32
2B5 |    31 |     0 |   -29 |   -10
2B6 |    17 |     0 |   -32 |   -16
2B7 |   -15 |   -24 |   -29 |    10
2B8 |     4 |    11 |   -32 |   -16
2B9 |    -6 |     0 |    -8 |     3
2BA |   -26 |   -26 |   -32 |   -16
2BB |   -13 |    -7 |   -12 |    -6
2BC |    26 |     6 |   -32 |   -14
2BD |    26 |     4 |   -25 |    -5
2BE |    -9 |   -19 |   -27 |   -23
2BF |   -22 |    -9 |   -32 |    -8
2C0 |     7 |   -22 |   -32 |     1
2C1 |   -13 |   -13 |   -32 |   -25
2C2 |   -27 |     1 |     0 |   -19
2C3 |   -31 |    25 |    -6 |    -4
2C4 |   -21 |     8 |     9 |    -9
2C5 |   -12 |    20 |     7 |     7
2C6 |   -16 |     7 |    13 |    19
2C7 |    -6 |    29 |   -11 |    15
2C8 |   -12 |    18 |    15 |    11
2C9 |   -25 |    31 |    26 |    -9
2CA |    -5 |    27 |    -2 |    15
2CB |   -25 |    27 |    -7 |    19
2CC |   -18 |    20 |     4 |    26
2CD |    -3 |    -3 |    -7 |    31
2CE |   -25 |     1 |   -26 |    31
2CF |   -12 |    14 |   -17 |    20
2D0 |   -16 |    10 |    -6 |    24
2D1 |    23 |     2 |    10 |     3
2D2 |    31 |   -13 |    21 |    31
2D3 |     5 |    24 |    14 |    16
2D4 |    31 |   -26 |     1 |     3
2D5 |    20 |    31 |    12 |   -23
2D6 |    18 |    31 |    10 |    31
2D7 |    12 |   -15 |    10 |    12
2D8 |    21 |     4 |    -5 |    31
2D9 |    31 |    26 |   -12 |    14
2DA |    16 |     7 |    25 |   -18
2DB |    29 |    17 |    31 |    14
2DC |    14 |    11 |    -5 |    27
2DD |    14 |   -22 |     7 |   -10
2DE |    31 |    -4 |    31 |     3
2DF |     1 |     2 |     5 |     7
2E0 |    12 |   -13 |     1 |   -14
2E1 |     8 |     9 |   -12 |    12
2E2 |    -1 |    -2 |    18 |   -25
2E3 |    21 |    -4 |   -31 |   -10
2E4 |     7 |    -2 |    -8 |    10
2E5 |     5 |   -13 |    12 |   -27
2E6 |     1 |   -17 |   -19 |   -31
2E7 |    14 |    20 |     1 |    14
2E8 |    12 |    26 |    -8 |    -8
2E9 |    21 |    17 |    16 |    -8
2EA |    -6 |   -13 |   -21 |     5
2EB |    31 |    13 |    23 |    14
2EC |    31 |   -13 |   -16 |   -12
2ED |    12 |   -26 |   -12 |    12
2EE |     8 |    13 |    10 |    18
2EF |    -4 |    19 |    -8 |   -13
2F0 |    19 |    -2 |    16 |   -15
2F1 |     4 |    11 |    18 |   -19
2F2 |    31 |     0 |    -1 |   -15
2F3 |    -2 |     0 |    -6 |     0
2F4 |     7 |   -17 |    31 |   -32
2F5 |    26 |    20 |    16 |   -32
2F6 |    26 |    20 |    23 |   -32
2F7 |    13 |    26 |    12 |   -24
2F8 |    11 |    -7 |    14 |   -20
2F9 |    31 |    13 |    21 |   -20
2FA |    20 |     7 |    25 |   -11
2FB |    11 |    31 |    10 |     0
2FC |    26 |     0 |    25 |   -32
2FD |    19 |     9 |    16 |   -20
2FE |     1 |    -9 |    -4 |     4
2FF |    27 |     2 |   -24 |     9
300 |   -25 |   -19 |   -11 |    -2
301 |    12 |    22 |     0 |     2
302 |     7 |    19 |   -15 |     0
303 |     7 |   -22 |     7 |     0
304 |   -19 |     0 |   -17 |     6
305 |     1 |    -9 |   -20 |    -9
306 |    -1 |     7 |   -24 |    17
307 |    -5 |    -7 |   -19 |    17
308 |    -6 |   -32 |   -26 |     4
309 |   -18 |    -7 |     0 |   -11
30A |    12 |   -28 |    -7 |    -6
30B |    31 |     2 |    -9 |    26
30C |   -27 |    22 |   -24 |    19
30D |    -3 |   -32 |    29 |    26
30E |    31 |    31 |    25 |   -32
30F |    31 |     3 |    31 |   -13
310 |     1 |    12 |   -23 |    -7
311 |    29 |    16 |    16 |   -11
312 |    31 |    -6 |    31 |   -11
313 |   -32 |     5 |   -25 |    13
314 |    14 |    14 |    14 |   -13
315 |    23 |     8 |    25 |    -4
316 |    27 |     5 |    -3 |     4
317 |    23 |    14 |     7 |   -13
318 |    31 |     7 |    25 |     4
319 |    31 |    31 |    29 |    -4
31A |    12 |     5 |   -12 |   -32
31B |    31 |    31 |     1 |   -11
31C |    12 |    -4 |    -5 |     7
31D |   -16 |   -19 |    -1 |    18
31E |    -5 |   -11 |     1 |    31
31F |   -19 |   -32 |    16 |    10
320 |     1 |     0 |     1 |    31
321 |   -16 |     2 |   -12 |    29
322 |   -12 |   -15 |   -12 |    14
323 |    -5 |     0 |     1 |     5
324 |    14 |    -4 |    -1 |    14
325 |    -8 |    13 |   -12 |     5
326 |    -8 |    -7 |     1 |    31
327 |    -6 |     0 |     3 |    16
328 |    -6 |    20 |    -8 |    31
329 |     1 |    20 |     1 |    31
32A |    -6 |    13 |    -1 |    29
32B |   -12 |     0 |    -4 |    29
32C |     1 |   -32 |   -15 |    -5
32D |    -8 |    -9 |    20 |     7
32E |    20 |    -6 |    20 |    -6
32F |    -8 |     7 |     0 |    10
330 |   -14 |    26 |     6 |    -6
331 |    -3 |     6 |     0 |   -12
332 |   -23 |    -7 |    -7 |    -5
333 |    -3 |    26 |   -11 |    31
334 |   -14 |    -6 |   -13 |    10
335 |   -23 |   -19 |    17 |     1
336 |    -6 |   -15 |   -11 |    -3
337 |   -29 |   -15 |   -30 |    14
338 |   -32 |     4 |    13 |     7
339 |   -18 |   -13 |    13 |     8
33A |    19 |   -18 |    26 |    17
33B |    -6 |    -8 |   -11 |     9
33C |    -6 |   -14 |    -6 |     0
33D |   -32 |   -12 |     6 |    13
33E |   -13 |   -14 |   -26 |     2
33F |     2 |     5 |     6 |    -7
340 |   -11 |   -27 |    -2 |     6
341 |   -11 |   -19 |    -2 |     2
342 |    -7 |   -32 |    -6 |   -32
343 |    -2 |    -3 |   -17 |    -9
344 |    24 |    12 |     2 |   -13
345 |   -24 |   -27 |    24 |   -15
346 |     0 |   -32 |   -13 |    11
347 |   -28 |   -23 |    30 |   -13
348 |    -7 |   -12 |    -9 |    13
349 |     3 |    31 |     7 |    31
34A |   -12 |    25 |    14 |    20
34B |    21 |    31 |     5 |     0
34C |   -27 |    -1 |    -8 |     2
34D |   -32 |    16 |    10 |    13
34E |   -12 |     1 |   -14 |    15
34F |   -10 |   -10 |     1 |    15
350 |    21 |   -10 |    21 |     0
351 |    21 |     1 |    12 |    31
352 |     7 |     8 |    16 |    28
353 |     5 |    14 |     3 |   -13
354 |    -3 |    27 |    14 |    13
355 |   -27 |   -21 |     1 |    31
356 |   -14 |    18 |    -1 |    20
357 |     5 |    31 |    -3 |    17
358 |    -8 |     3 |     0 |    -1
359 |    25 |   -27 |    17 |   -18
35A |    21 |   -16 |   -13 |   -32
35B |    31 |     8 |   -28 |   -32
35C |    31 |   -25 |   -22 |   -32
35D |    23 |    -6 |    19 |     3
35E |    14 |    -8 |   -26 |    -6
35F |     7 |     1 |   -11 |   -27
360 |   -19 |   -32 |   -20 |    10
361 |    20 |   -31 |   -22 |    12
362 |     7 |   -25 |   -22 |    -1
363 |    12 |   -31 |    -7 |   -32
364 |    27 |   -25 |    15 |   -32
365 |    20 |   -18 |   -13 |    -1
366 |    -1 |   -31 |     9 |     1
367 |     5 |    -1 |    -5 |    -6
368 |   -19 |   -12 |    -3 |     2
369 |   -25 |    12 |    -5 |     0
36A |   -31 |     1 |    14 |    -2
36B |    -8 |    10 |    20 |   -15
36C |   -12 |    -6 |     1 |   -32
36D |    21 |    14 |    20 |   -22
36E |   -12 |    -3 |    -5 |     6
36F |    31 |    -8 |   -32 |   -15
370 |   -25 |   -12 |   -12 |     0
371 |   -18 |   -23 |     1 |   -22
372 |   -27 |    14 |    16 |   -13
373 |    27 |    -5 |    21 |    -6
374 |    23 |   -12 |   -10 |    15
375 |   -14 |    14 |    -5 |    -4
376 |    16 |    12 |   -22 |     6
377 |    31 |     8 |   -32 |   -13
378 |   -19 |     8 |   -13 |     7
379 |    -6 |     7 |   -15 |     0
37A |     1 |    31 |    -6 |    24
37B |    23 |    23 |   -28 |    11
37C |   -10 |    -8 |   -13 |    31
37D |    14 |   -21 |   -20 |   -28
37E |   -10 |     8 |   -24 |    19
37F |    10 |    -5 |   -26 |     7
380 |    14 |   -23 |     0 |   -32
381 |    31 |     3 |     6 |   -24
382 |   -18 |   -12 |   -13 |   -20
383 |    18 |    18 |    -6 |    -6
384 |     3 |    -5 |   -22 |     6
385 |    -1 |    -2 |    -2 |     7
386 |    18 |    11 |     7 |   -10
387 |    31 |   -13 |     6 |    -6
388 |    21 |   -28 |    13 |   -12
389 |    -5 |    -9 |    -2 |     3
38A |     3 |    -2 |   -11 |     8
38B |    21 |    -7 |    -2 |    14
38C |     8 |    -6 |    -4 |     5
38D |    21 |   -13 |    11 |    31
38E |    31 |   -13 |   -20 |    10
38F |   -12 |     2 |     0 |   -12
390 |    10 |   -19 |     0 |    -5
391 |     7 |     2 |   -13 |    16
392 |    -3 |   -30 |     0 |     3
393 |     5 |   -13 |    -2 |    -3
394 |    -5 |    17 |     1 |    16
395 |   -25 |    24 |     7 |     1
396 |   -23 |    20 |     3 |    14
397 |    -5 |    31 |    14 |     3
398 |   -12 |    31 |     7 |    23
399 |    -5 |    22 |     1 |    -5
39A |   -21 |    28 |     1 |    31
39B |    -1 |    31 |     5 |    31
39C |   -25 |    11 |   -25 |    -1
39D |   -32 |    13 |   -29 |   -10
39E |   -29 |     0 |    20 |     1
39F |   -31 |    13 |     7 |    -3
3A0 |   -32 |     2 |    21 |    10
3A1 |    -5 |    24 |    14 |    10
3A2 |   -29 |     4 |    16 |     1
3A3 |     7 |    11 |    -6 |     4
3A4 |    25 |   -13 |     0 |   -11
3A5 |    -5 |   -26 |     0 |    13
3A6 |    10 |    11 |    -6 |    -7
3A7 |   -12 |    31 |     9 |     6
3A8 |    -3 |   -32 |   -13 |   -32
3A9 |   -12 |    20 |     9 |    31
3AA |    -3 |   -26 |     0 |     9
3AB |    -1 |     9 |     0 |    -2
3AC |    -8 |    20 |   -13 |    22
3AD |     7 |   -22 |   -17 |     0
3AE |     1 |    -9 |   -11 |     0
3AF |    31 |    11 |    30 |     9
3B0 |     7 |     7 |     9 |     6
3B1 |    20 |   -26 |     2 |    22
3B2 |    -6 |    -1 |    -6 |   -27
3B3 |    20 |    -8 |     9 |   -16
3B4 |    11 |    -8 |    13 |   -12
3B5 |     2 |    -3 |    15 |     7
3B6 |     4 |    -3 |    13 |   -10
3B7 |     6 |    -1 |    17 |     1
3B8 |     2 |   -21 |   -13 |    -3
3B9 |    -2 |    10 |    11 |   -14
3BA |    13 |   -25 |    19 |     1
3BB |     9 |    -6 |     0 |   -18
3BC |    15 |   -12 |    -4 |     8
3BD |   -19 |   -12 |   -24 |     3
3BE |    11 |     1 |     0 |    14
3BF |     0 |    -1 |    17 |     1
3C0 |    15 |     5 |   -15 |    16
3C1 |    -6 |    21 |     4 |     0
3C2 |   -25 |   -27 |   -11 |   -32
3C3 |     3 |    20 |     2 |     0
3C4 |    31 |    31 |    31 |    -7
3C5 |    -5 |    14 |    24 |    -4
3C6 |    -6 |   -12 |     9 |    31
3C7 |    29 |    12 |    26 |    13
3C8 |    18 |    27 |    20 |   -13
3C9 |    18 |   -12 |    -7 |   -22
3CA |     7 |    12 |    17 |    -2
3CB |    -1 |    -6 |    15 |    30
3CC |   -12 |    12 |    15 |    -6
3CD |    14 |    31 |   -13 |   -22
3CE |    29 |     8 |    31 |    17
3CF |    21 |    29 |    31 |    13
3D0 |     0 |    31 |    13 |    30
3D1 |     2 |    14 |     6 |     2
3D2 |    -7 |     3 |     0 |    -2
3D3 |    -6 |    27 |    -6 |     6
3D4 |   -20 |    31 |     9 |    17
3D5 |   -32 |    31 |     7 |     4
3D6 |    -9 |    14 |   -13 |     0
3D7 |    -4 |    10 |   -13 |     7
3D8 |     0 |    -3 |   -22 |   -19
3D9 |     2 |   -10 |   -15 |    19
3DA |   -13 |    12 |     6 |   -17
3DB |   -17 |    18 |     4 |     0
3DC |   -17 |    27 |     2 |    -6
3DD |   -20 |    27 |   -19 |    -9
3DE |   -32 |    18 |   -32 |     0
3DF |   -23 |    31 |    27 |   -16
3E0 |   -21 |    -6 |    -1 |   -31
3E1 |     7 |     7 |    -6 |     3
3E2 |     1 |     5 |    12 |   -29
3E3 |   -32 |     8 |    21 |   -14
3E4 |     7 |   -19 |   -19 |    -3
3E5 |     1 |     1 |     3 |    -3
3E6 |   -18 |     1 |    21 |     1
3E7 |    10 |    -6 |   -25 |     3
3E8 |    -1 |   -16 |   -12 |   -21
3E9 |    -3 |    -6 |    31 |   -12
3EA |    10 |     5 |   -12 |    16
3EB |    27 |    -1 |    21 |   -25
3EC |   -16 |    14 |     1 |   -16
3ED |     5 |     8 |    -8 |     7
3EE |    -4 |    15 |     9 |     4
3EF |   -22 |   -24 |   -32 |    26
3F0 |    31 |   -22 |    30 |   -26
3F1 |     6 |    13 |   -13 |    22
3F2 |    15 |     0 |   -15 |     7
3F3 |    28 |    -2 |    20 |     7
3F4 |    15 |    13 |   -20 |     7
3F5 |    -7 |    -7 |   -32 |    26
3F6 |   -13 |    -9 |   -30 |    13
3F7 |    13 |   -28 |   -32 |     4
3F8 |    19 |    -7 |    15 |    -4
3F9 |     0 |     7 |    -6 |   -13
3FA |     7 |   -32 |   -24 |    -2
3FB |    20 |   -17 |     4 |    31
3FC |    17 |   -19 |   -11 |    19
3FD |     1 |   -25 |    16 |   -27
3FE |     7 |    -1 |   -18 |    -5
3FF |   -27 |   -10 |    -5 |    -5
400 |   -16 |    12 |    12 |     7
401 |   -10 |    14 |   -12 |    12
402 |   -29 |    -5 |    -8 |    -1
403 |    16 |   -14 |     1 |   -16
404 |   -21 |     8 |   -32 |   -16
405 |   -23 |    -6 |   -29 |     8
406 |   -12 |   -12 |     1 |     1
407 |    -1 |    -1 |   -32 |   -12
408 |     1 |     1 |     5 |   -18
409 |    -8 |   -32 |   -27 |    31
40A |     8 |   -14 |    12 |     8
40B |   -23 |   -29 |   -12 |    29
40C |   -13 |    -7 |    12 |   -11
40D |    -6 |   -13 |    14 |    22
40E |    -7 |     0 |    16 |     6
40F |    17 |   -22 |     1 |     0
410 |     2 |    15 |    -6 |    -2
411 |     2 |   -20 |   -21 |    15
412 |    31 |     4 |    23 |    11
413 |   -24 |   -11 |   -32 |    -2
414 |    26 |     7 |   -32 |    20
415 |    11 |     6 |     1 |     7
416 |    -2 |    11 |   -16 |    -9
417 |     0 |     7 |   -21 |     6
418 |    22 |     0 |     5 |    22
419 |     9 |    -9 |    -3 |     4
41A |     2 |   -17 |    -3 |   -13
41B |    -9 |    -6 |    -4 |     6
41C |    26 |    -9 |    -2 |    15
41D |    11 |    -4 |    13 |    20
41E |    24 |   -13 |    -2 |    26
41F |    20 |   -15 |     2 |    31
420 |    19 |    -2 |    28 |    13
421 |    30 |     6 |     0 |    31
422 |     6 |    -7 |    31 |    15
423 |    -4 |   -13 |    -6 |    -4
424 |     4 |   -24 |    19 |     4
425 |    31 |   -19 |    31 |    17
426 |    31 |   -13 |    17 |    20
427 |    31 |    -4 |    31 |     6
428 |    -2 |   -17 |     0 |    13
429 |     9 |   -17 |    26 |    30
42A |    -5 |     4 |     1 |   -22
42B |     8 |     0 |    -6 |     2
42C |    10 |   -24 |     3 |     4
42D |     5 |    -9 |    21 |    -9
42E |     7 |   -17 |     1 |     6
42F |    21 |   -32 |    -5 |    13
430 |    27 |     2 |   -32 |     7
431 |     7 |    -2 |    -1 |    -2
432 |    -5 |   -11 |   -12 |    -7
433 |     7 |     2 |    10 |     7
434 |   -16 |   -22 |    -6 |     9
435 |     1 |   -13 |    -1 |    -4
436 |   -12 |   -19 |     3 |   -15
437 |    10 |    24 |    14 |     9
438 |     5 |   -24 |    -3 |    31
439 |    -6 |   -30 |   -24 |    13
43A |    -9 |   -26 |   -32 |     9
43B |    11 |   -32 |     0 |    24
43C |     9 |   -24 |    -7 |    17
43D |    24 |   -24 |    -2 |    22
43E |   -20 |   -15 |   -32 |     4
43F |    22 |   -19 |   -28 |    19
440 |   -26 |   -32 |   -22 |    26
441 |    31 |   -13 |    11 |    13
442 |    -9 |    -4 |     2 |    11
443 |    19 |   -20 |     7 |     7
444 |    -2 |   -32 |   -20 |    28
445 |    -9 |    -7 |   -19 |    31
446 |   -13 |   -19 |   -30 |     6
447 |   -19 |   -32 |   -26 |    20
448 |   -22 |    -1 |     7 |    -1
449 |   -32 |    12 |   -31 |   -16
44A |   -13 |    31 |   -12 |   -10
44B |   -13 |    31 |   -25 |   -12
44C |   -13 |    21 |   -14 |     1
44D |     0 |    21 |    -3 |   -19
44E |     0 |    12 |   -14 |   -12
44F |     7 |    31 |    -5 |   -32
450 |    11 |    31 |   -16 |   -10
451 |   -26 |   -10 |    -8 |   -31
452 |     4 |    21 |     3 |    -3
453 |    -9 |    14 |   -25 |   -27
454 |     0 |    21 |     1 |    -3
455 |   -32 |   -12 |   -21 |     1
456 |    -6 |    -6 |    16 |   -25
457 |    27 |   -17 |   -12 |   -32
458 |   -10 |    20 |     8 |   -12
459 |    20 |    28 |    21 |   -12
45A |   -25 |    26 |    20 |    -3
45B |   -18 |    19 |   -10 |    -1
45C |    21 |    11 |    -5 |   -10
45D |    -3 |    24 |    14 |    10
45E |    21 |    17 |     8 |    -6
45F |    12 |    31 |     1 |    -8
460 |    20 |    11 |    -6 |   -12
461 |     8 |     0 |    -6 |     5
462 |    18 |    31 |    23 |   -21
463 |    16 |    -6 |    25 |   -32
464 |   -12 |    -7 |    27 |   -21
465 |   -10 |    13 |     5 |   -18
466 |    -4 |    31 |     1 |    27
467 |     6 |    27 |   -12 |    12
468 |     9 |    10 |    12 |    25
469 |   -17 |    14 |   -12 |    31
46A |    22 |    12 |   -32 |    20
46B |   -13 |    29 |    20 |    21
46C |     4 |    27 |    18 |    14
46D |   -13 |    12 |     3 |    20
46E |    13 |    21 |   -32 |    31
46F |   -13 |    25 |   -21 |    27
470 |     4 |    31 |   -23 |    21
471 |     0 |   -10 |   -16 |    -1
472 |   -11 |    23 |   -16 |    27
473 |     0 |    16 |   -27 |    14
474 |    -6 |     8 |   -12 |    31
475 |     1 |    -4 |   -12 |   -23
476 |   -29 |     6 |    18 |   -16
477 |     8 |     7 |    -1 |   -27
478 |    12 |    -9 |     5 |   -21
479 |   -16 |     0 |   -10 |   -25
47A |   -25 |    11 |   -25 |   -23
47B |   -19 |   -13 |   -12 |   -12
47C |     1 |    13 |    12 |   -23
47D |   -19 |    30 |   -18 |    20
47E |    18 |    13 |   -32 |    -5
47F |   -32 |   -13 |   -29 |   -25
480 |    14 |     9 |   -25 |    -8
481 |   -32 |     0 |     5 |    -3
482 |    -8 |    11 |     1 |     3
483 |     3 |     0 |   -32 |   -21
484 |     7 |    15 |    13 |    11
485 |    -2 |    31 |   -15 |   -32
486 |    15 |     2 |    -4 |     9
487 |   -13 |   -32 |    30 |   -32
488 |    19 |    15 |    -2 |   -32
489 |     2 |   -17 |    26 |    26
48A |    22 |    15 |    31 |   -11
48B |    26 |    31 |   -28 |     0
48C |    26 |   -20 |   -32 |    22
48D |    24 |    31 |    19 |    24
48E |    -9 |    15 |    22 |    30
48F |     6 |    26 |     0 |   -32
490 |    30 |     0 |    -2 |     7
491 |    -9 |    19 |    15 |    -4
492 |    20 |   -32 |   -11 |    31
493 |   -10 |    19 |    27 |   -19
494 |     5 |   -11 |   -12 |     3
495 |   -14 |    -4 |    27 |    27
496 |     3 |    -6 |    -3 |    -1
497 |     8 |    26 |     1 |    14
498 |    20 |    13 |    -3 |    31
499 |    -6 |     7 |    31 |    -8
49A |    14 |     9 |    31 |    12
49B |    20 |    13 |     3 |    -3
49C |    31 |    -6 |     3 |     1
49D |    -3 |    31 |    -3 |    -6
49E |    10 |    17 |    12 |    10
49F |    31 |    28 |   -32 |    27
4A0 |    14 |    26 |    27 |    14
4A1 |    14 |    31 |     8 |   -32
4A2 |    17 |     8 |    18 |   -32
4A3 |    31 |   -16 |   -10 |    31
4A4 |    13 |    23 |    18 |   -27
4A5 |    11 |    10 |    23 |   -16
4A6 |    31 |    31 |    14 |   -32
4A7 |    26 |    23 |    23 |   -14
4A8 |    26 |    18 |    25 |   -14
4A9 |    31 |    -1 |    23 |   -29
4AA |    15 |    12 |    25 |   -16
4AB |    11 |    -1 |    21 |   -14
4AC |    26 |    18 |    21 |   -10
4AD |     9 |     8 |    20 |     8
4AE |     7 |    12 |     8 |   -25
4AF |     9 |     7 |    23 |   -19
4B0 |    28 |   -14 |    14 |   -27
4B1 |    -7 |    14 |   -18 |     0
4B2 |    22 |     7 |   -19 |    -2
4B3 |    22 |     1 |   -31 |    17
4B4 |    26 |    14 |    14 |    26
4B5 |    -2 |    10 |     8 |     0
4B6 |   -11 |    31 |   -32 |    13
4B7 |    20 |   -32 |   -18 |     2
4B8 |    20 |    -5 |   -10 |    13
4B9 |    17 |    31 |     1 |    31
4BA |     0 |    18 |    10 |    13
4BB |    15 |    12 |     5 |    -7
4BC |    26 |    -3 |    -8 |   -13
4BD |    15 |   -16 |     1 |   -13
4BE |    26 |   -25 |    -8 |   -11
4BF |    19 |   -14 |   -12 |    31
4C0 |     1 |    20 |    -1 |    19
4C1 |    -8 |    20 |     5 |    -6
4C2 |   -21 |    31 |    12 |   -11
4C3 |    -1 |   -12 |     7 |   -32
4C4 |   -19 |    29 |    23 |   -26
4C5 |    16 |    10 |     5 |    15
4C6 |   -32 |    10 |    31 |     0
4C7 |     1 |    12 |    16 |    11
4C8 |   -12 |    18 |    12 |    -4
4C9 |    18 |    16 |   -16 |    -6
4CA |   -23 |     7 |    31 |    17
4CB |    -3 |   -18 |    -8 |   -32
4CC |    23 |    14 |     1 |    -4
4CD |   -12 |   -32 |    29 |   -32
4CE |    -5 |     8 |    31 |    31
4CF |    -1 |    27 |     0 |   -17
4D0 |    10 |    -1 |     0 |    13
4D1 |    16 |   -14 |    -6 |   -17
4D2 |    25 |   -19 |   -19 |   -20
4D3 |    -8 |   -14 |    -6 |    -2
4D4 |    -5 |    -1 |    -4 |     6
4D5 |    12 |   -12 |    -6 |   -20
4D6 |     5 |    -1 |    15 |    13
4D7 |     1 |   -19 |   -24 |   -32
4D8 |     5 |    12 |     2 |    24
4D9 |    -5 |   -29 |     6 |    -4
4DA |     1 |   -12 |    31 |   -17
4DB |    31 |   -10 |    -7 |     9
4DC |    21 |    -1 |    31 |    -6
4DD |     7 |    14 |     7 |   -26
4DE |    -3 |     7 |   -14 |     7
4DF |     5 |     8 |    -3 |     0
4E0 |    31 |   -18 |    -8 |     4
4E1 |    -3 |    -5 |    -3 |     0
4E2 |   -32 |    14 |    31 |   -30
4E3 |   -16 |   -32 |   -10 |     0
4E4 |    12 |    10 |   -25 |    -7
4E5 |    -5 |   -12 |     7 |   -20
4E6 |     8 |    -5 |     3 |     9
4E7 |    -6 |    -8 |     1 |    13
4E8 |    14 |    -1 |   -19 |     0
4E9 |     3 |    10 |    -8 |    11
4EA |   -23 |   -32 |    23 |    30
4EB |   -10 |    -8 |     7 |   -32
4EC |    16 |    20 |   -12 |    -6
4ED |    -3 |   -25 |    22 |    -3
4EE |    10 |   -25 |    -4 |   -19
4EF |    10 |   -12 |    19 |   -32
4F0 |    12 |   -18 |     2 |   -12
4F1 |    12 |    -8 |     0 |    27
4F2 |    -8 |    -3 |   -13 |    18
4F3 |   -10 |    -1 |    15 |   -12
4F4 |     1 |   -10 |     7 |    14
4F5 |     5 |    12 |   -13 |   -21
4F6 |    14 |   -27 |     9 |   -14
4F7 |    -3 |    -3 |    22 |    -3
4F8 |   -27 |   -23 |    31 |    14
4F9 |   -10 |   -32 |    26 |   -31
4FA |     7 |   -12 |    -6 |   -10
4FB |   -14 |     8 |    13 |    -6
4FC |   -13 |    31 |     0 |     0
4FD |   -32 |    25 |    28 |    11
4FE |   -13 |    -1 |    31 |     4
4FF |     2 |    10 |    31 |   -28
500 |   -32 |    25 |     4 |    -2
501 |    17 |    16 |     7 |   -11
502 |   -19 |    31 |    26 |    -9
503 |    11 |    27 |    11 |    30
504 |     6 |    20 |     7 |    -4
505 |     0 |    18 |    13 |     0
506 |   -15 |    31 |    13 |     7
507 |    -2 |    20 |    30 |    -6
508 |    -4 |    31 |    31 |   -13
509 |   -13 |    27 |    19 |     9
50A |     7 |    18 |     0 |     2
50B |    -7 |   -26 |   -16 |     8
50C |    11 |     2 |    21 |    27
50D |   -13 |    -9 |    31 |    12
50E |    -4 |     2 |    23 |    27
50F |    -7 |    -4 |    31 |    27
510 |   -28 |    11 |    31 |    27
511 |   -32 |    11 |    31 |     7
512 |   -22 |    -7 |    31 |    31
513 |    -7 |    -7 |    27 |    25
514 |   -13 |     0 |    10 |    14
515 |    -6 |   -13 |     7 |    -1
516 |    -4 |   -22 |    16 |     8
517 |    -6 |    -9 |     1 |    20
518 |     0 |    -6 |     7 |   -14
519 |     2 |     4 |    -6 |    31
51A |    -2 |   -14 |     1 |    31
51B |     2 |    31 |    14 |    31
51C |    26 |    -5 |    10 |    13
51D |    -2 |    23 |     3 |   -32
51E |     4 |    31 |    -8 |   -26
51F |   -26 |    20 |   -23 |    -2
520 |    -4 |     7 |    31 |   -17
521 |   -32 |    25 |   -32 |    -4
522 |     7 |    25 |    20 |     4
523 |    -7 |   -14 |   -12 |   -32
524 |    22 |    18 |   -14 |   -11
525 |   -19 |   -12 |   -14 |    30
526 |    19 |     8 |   -23 |    -4
527 |     4 |    12 |     1 |   -19
528 |     6 |    14 |    -1 |    -4
529 |     5 |     7 |   -24 |    -8
52A |    -6 |    13 |    15 |     1
52B |   -19 |    13 |     7 |     8
52C |     1 |    15 |     0 |    14
52D |   -19 |     6 |    13 |    14
52E |    -3 |     4 |     6 |   -18
52F |   -14 |    -7 |     4 |     1
530 |   -29 |   -32 |    -6 |    27
531 |   -32 |     2 |     9 |    -5
532 |    -3 |   -19 |    17 |   -23
533 |    -1 |   -15 |     7 |   -21
534 |   -18 |    24 |    26 |   -27
535 |   -23 |    31 |    22 |   -29
536 |    -8 |     2 |     4 |   -10
537 |    12 |   -19 |    31 |     1
538 |    12 |    17 |    -6 |   -14
539 |    14 |    13 |     4 |   -32
53A |    16 |    31 |    31 |   -32
53B |     3 |   -20 |     4 |    14
53C |    12 |   -30 |    13 |   -32
53D |    29 |     2 |    11 |   -32
53E |    14 |    31 |    24 |    25
53F |    14 |    11 |     0 |     3
540 |    21 |    11 |    31 |   -21
541 |    12 |     4 |     6 |   -16
542 |    10 |     4 |    15 |    -6
543 |    31 |     0 |     2 |    -8
544 |     3 |     0 |     0 |    -5
545 |    -1 |   -11 |    24 |    14
546 |    14 |    15 |    31 |    12
547 |    11 |   -12 |   -12 |    -8
548 |     2 |    -1 |   -10 |    -5
549 |   -32 |     1 |   -32 |   -31
54A |     7 |    23 |    -6 |     1
54B |     9 |    -1 |    10 |   -19
54C |     2 |    -6 |    -1 |   -25
54D |   -20 |    21 |   -18 |    14
54E |    13 |    -8 |   -10 |    -3
54F |     7 |   -32 |   -27 |   -32
550 |    31 |   -32 |   -10 |    23
551 |    31 |   -12 |     1 |    -6
552 |    -9 |     3 |    -3 |     7
553 |   -13 |   -19 |   -14 |   -32
554 |   -24 |     1 |   -32 |    -1
555 |    -7 |    31 |    -6 |     7
556 |     1 |    15 |    31 |    15
557 |   -29 |   -20 |    27 |   -13
558 |     3 |     9 |    29 |    31
559 |   -32 |   -15 |    31 |    26
55A |    31 |     0 |    31 |    30
55B |    31 |    13 |     5 |    15
55C |   -16 |    24 |    31 |   -22
55D |     3 |    17 |    20 |     0
55E |   -19 |     0 |    27 |    17
55F |     7 |    20 |    27 |    11
560 |    -8 |     6 |    16 |    13
561 |    31 |    -7 |    31 |    -6
562 |    -1 |     0 |    14 |    28
563 |   -19 |     9 |    10 |    19
564 |     7 |   -13 |    20 |    20
565 |    -1 |   -20 |    -7 |   -25
566 |    14 |   -17 |     6 |   -31
567 |     8 |    -7 |   -19 |    12
568 |     3 |   -17 |     0 |   -14
569 |    21 |   -32 |    -6 |    20
56A |   -23 |   -32 |    -4 |    14
56B |    16 |   -13 |   -13 |   -12
56C |    -3 |   -15 |   -13 |   -23
56D |     1 |   -24 |   -32 |    -3
56E |   -32 |    -9 |   -32 |   -32
56F |    31 |   -20 |    31 |   -25
570 |    14 |   -32 |   -17 |     1
571 |    -5 |     6 |     9 |    16
572 |    31 |   -32 |    31 |   -32
573 |   -23 |    -7 |   -24 |   -12
574 |    13 |    -2 |    -4 |   -13
575 |   -13 |    17 |   -17 |     6
576 |     0 |     9 |    -4 |    13
577 |    -9 |    17 |    24 |     2
578 |    31 |    15 |   -20 |   -20
579 |    20 |    26 |    13 |     0
57A |     6 |    20 |    20 |    11
57B |     0 |    13 |    13 |     2
57C |    26 |     4 |     4 |     7
57D |    28 |   -19 |     2 |   -32
57E |   -26 |   -26 |   -22 |    22
57F |    24 |    17 |     2 |    11
580 |    15 |     7 |   -15 |    24
581 |    -2 |    31 |     2 |   -26
582 |     9 |     0 |     6 |    19
583 |    -7 |    -5 |    -6 |     0
584 |     7 |    14 |    -1 |    13
585 |    -2 |    18 |    14 |    17
586 |   -13 |    27 |    31 |    -9
587 |     2 |     7 |     5 |    17
588 |    22 |    20 |    -5 |    24
589 |    26 |    27 |   -31 |    13
58A |     0 |    -8 |     1 |    31
58B |   -15 |    21 |   -14 |     9
58C |    13 |    14 |     5 |    26
58D |     4 |     5 |     7 |     0
58E |   -11 |    10 |    -8 |     2
58F |     6 |     1 |     1 |     6
590 |    -2 |    27 |    -1 |    13
591 |     0 |    31 |    -3 |    -7
592 |   -12 |    -4 |    12 |     7
593 |   -25 |     0 |     3 |    22
594 |   -23 |    28 |    27 |    31
595 |   -21 |   -13 |    18 |   -26
596 |   -25 |    30 |     1 |     0
597 |    -8 |     7 |    27 |    -7
598 |   -14 |   -32 |    18 |   -11
599 |   -27 |     9 |     5 |     7
59A |   -32 |    13 |     1 |    24
59B |    -8 |     6 |    31 |    13
59C |    12 |     0 |    18 |     0
59D |   -19 |     2 |    14 |   -26
59E |   -23 |    -6 |    14 |     7
59F |   -25 |    11 |    27 |    31
5A0 |    -6 |    13 |    29 |    30
5A1 |   -15 |   -26 |    13 |   -10
5A2 |    -4 |   -11 |    -2 |     1
5A3 |   -28 |     0 |    17 |    27
5A4 |   -32 |   -26 |     9 |    31
5A5 |   -13 |   -11 |     9 |    14
5A6 |     2 |   -13 |   -11 |    14
5A7 |     2 |   -32 |    -6 |    31
5A8 |     9 |   -24 |     6 |    20
5A9 |    19 |     6 |    26 |    12
5AA |   -13 |    -6 |    13 |    -3
5AB |   -11 |    -2 |    26 |     7
5AC |    -7 |   -32 |    30 |    10
5AD |    -4 |     9 |    13 |   -12
5AE |    -6 |   -32 |    -6 |    31
5AF |   -24 |   -26 |    -4 |    31
5B0 |    -8 |   -12 |    17 |    -6
5B1 |   -19 |    -6 |    26 |    20
5B2 |     1 |     7 |    30 |     4
5B3 |    -5 |    -3 |    -7 |     7
5B4 |   -10 |    25 |    22 |   -11
5B5 |    -6 |     1 |    19 |    22
5B6 |    10 |   -29 |    24 |    26
5B7 |   -32 |    25 |    24 |    26
5B8 |    -8 |    31 |    11 |   -13
5B9 |    -8 |    31 |    -9 |     7
5BA |   -32 |    -6 |   -32 |     2
5BB |   -10 |   -19 |    31 |    20
5BC |   -29 |    -5 |    31 |    31
5BD |     3 |    20 |    13 |   -17
5BE |    12 |    10 |    11 |    13
5BF |     7 |    23 |     1 |    22
5C0 |     7 |   -12 |    31 |    17
5C1 |   -14 |    -1 |     7 |    -4
5C2 |   -19 |    23 |    18 |     0
5C3 |   -32 |    31 |    14 |    -7
5C4 |   -23 |   -16 |   -21 |     9
5C5 |   -18 |    -1 |   -12 |    17
5C6 |   -14 |    -3 |    12 |    31
5C7 |    18 |     7 |    12 |    26
5C8 |   -32 |     8 |    29 |     2
5C9 |    14 |    31 |    31 |    -9
5CA |    16 |    20 |   -32 |    30
5CB |     1 |   -12 |    14 |    22
5CC |   -32 |    14 |    20 |     2
5CD |     5 |    16 |   -10 |     2
5CE |     3 |   -18 |   -25 |     7
5CF |    -5 |    -5 |    -3 |   -23
5D0 |   -25 |   -23 |   -32 |   -10
5D1 |    31 |    -3 |    27 |    -3
5D2 |    31 |     5 |    31 |    -3
5D3 |    31 |   -29 |    23 |   -25
5D4 |    31 |   -32 |    31 |   -32
5D5 |    23 |   -18 |   -25 |   -14
5D6 |    27 |   -25 |     7 |   -18
5D7 |   -18 |   -25 |   -25 |   -14
5D8 |     1 |   -14 |    -8 |   -14
5D9 |   -12 |   -10 |   -19 |    -8
5DA |    29 |   -12 |     3 |    -1
5DB |     1 |     3 |   -27 |    -8
5DC |   -19 |     7 |   -10 |    16
5DD |     4 |   -10 |     1 |    -6
5DE |    -7 |   -25 |   -10 |   -13
5DF |   -24 |     8 |    20 |   -13
5E0 |   -32 |   -10 |    21 |    13
5E1 |   -32 |   -21 |    14 |    -6
5E2 |   -32 |     1 |   -25 |     6
5E3 |   -17 |     3 |    21 |    -7
5E4 |     4 |    10 |     3 |     0
5E5 |   -17 |    16 |    12 |   -26
5E6 |   -26 |     5 |    -1 |   -20
5E7 |   -13 |     3 |     8 |    31
5E8 |   -19 |    27 |    -6 |    31
5E9 |   -32 |    -1 |   -31 |   -15
5EA |   -32 |    -6 |     5 |    -9
5EB |   -15 |   -12 |    21 |   -28
5EC |    -2 |    13 |    -1 |    13
5ED |    -2 |     7 |    12 |    -2
5EE |   -13 |    17 |   -29 |    -2
5EF |    11 |   -30 |   -18 |   -11
5F0 |    -6 |    26 |    -8 |   -32
5F1 |    20 |     2 |    -1 |    -4
5F2 |   -22 |     4 |    31 |     0
5F3 |    20 |     4 |    -8 |     0
5F4 |   -32 |     4 |    -6 |     0
5F5 |     7 |     4 |    -6 |     0
5F6 |    13 |     4 |    16 |     0
5F7 |    31 |     4 |    -8 |     0
5F8 |   -13 |     4 |    -3 |     0
5F9 |     9 |     4 |    -8 |     0
5FA |    20 |     4 |    29 |     0
5FB |   -32 |     1 |   -11 |    -1
5FC |    11 |     1 |   -13 |    -1
5FD |    -4 |     1 |   -32 |    -1
5FE |    24 |     1 |    -4 |    -1
5FF |    -7 |     1 |   -32 |    -1
