ROW | DATA_1 | DATA_2
---------------------
000 |    -2 |     7
001 |     9 |    11
002 |     8 |     9
003 |   -13 |   -14
004 |    -4 |    12
005 |   -14 |     5
006 |   -16 |     5
007 |   -12 |   -16
008 |     1 |   -14
009 |     4 |     4
00A |    -7 |     3
00B |     8 |    -6
00C |    -1 |     0
00D |   -13 |    15
00E |    15 |    -2
00F |    -6 |     6
010 |    11 |     1
011 |    -4 |     8
012 |    -3 |    12
013 |   -14 |    -4
014 |    -7 |     5
015 |   -14 |    11
016 |    -3 |   -10
017 |    -3 |   -12
018 |    13 |   -12
019 |   -13 |    -6
01A |    15 |    12
01B |    -6 |    -4
01C |     9 |    -3
01D |   -10 |   -14
01E |   -15 |     9
01F |     2 |    -6
020 |    11 |     0
021 |    -7 |    -4
022 |     3 |    -5
023 |    -3 |    -5
024 |    -7 |    -2
025 |     2 |    -1
026 |     7 |     4
027 |    12 |   -13
028 |   -10 |   -10
029 |   -11 |    -7
02A |   -16 |    -6
02B |     8 |     5
02C |    -3 |     1
02D |    -4 |    15
02E |   -12 |    -8
02F |     7 |    14
030 |   -10 |     1
031 |    -8 |     9
032 |    13 |    -6
033 |     9 |    -5
034 |   -10 |     5
035 |    -5 |   -12
036 |     6 |    -8
037 |    14 |     5
038 |    -8 |    -1
039 |    -5 |   -13
03A |    -2 |   -16
03B |   -13 |   -11
03C |   -10 |   -10
03D |    -3 |    -8
03E |     6 |    -8
03F |    -4 |     9
040 |     5 |     7
041 |     8 |     8
042 |   -10 |     6
043 |   -16 |   -10
044 |     5 |    11
045 |     7 |    -6
046 |    -3 |   -14
047 |   -14 |     1
048 |     2 |     6
049 |    13 |     9
04A |    14 |    -1
04B |   -10 |    -4
04C |    -2 |     7
04D |   -10 |     1
04E |     9 |    -6
04F |   -12 |   -15
050 |    11 |   -11
051 |    12 |     7
052 |   -12 |    11
053 |     3 |   -10
054 |    -4 |     8
055 |   -12 |     6
056 |    15 |   -15
057 |   -11 |   -14
058 |     3 |     0
059 |    15 |     6
05A |   -16 |    13
05B |    11 |   -15
05C |     5 |   -14
05D |     8 |    -4
05E |   -10 |     2
05F |     1 |   -16
060 |    10 |     3
061 |    -6 |    15
062 |    12 |    -3
063 |    -4 |     5
064 |     5 |   -12
065 |   -14 |    -9
066 |    -8 |    15
067 |    12 |    -3
068 |     3 |     2
069 |    -9 |   -13
06A |     3 |     8
06B |    12 |    -1
06C |   -15 |     0
06D |     7 |   -11
06E |   -11 |    10
06F |     9 |     5
070 |    11 |     8
071 |    14 |   -11
072 |    -2 |    -4
073 |     7 |   -15
074 |    14 |   -12
075 |   -11 |    -3
076 |   -15 |    10
077 |     9 |   -15
078 |    10 |   -13
079 |   -13 |   -15
07A |    -3 |     0
07B |    -2 |    -7
07C |    12 |   -15
07D |    -9 |    -5
07E |     2 |    -7
07F |    -5 |     9
080 |   -12 |    14
081 |   -16 |    -4
082 |     9 |     9
083 |   -15 |     3
084 |    12 |     5
085 |     0 |   -12
086 |   -15 |     9
087 |   -12 |     3
088 |    10 |    12
089 |   -10 |   -10
08A |   -15 |    14
08B |    11 |     7
08C |    15 |     5
08D |   -16 |    -8
08E |    -9 |    10
08F |   -16 |   -14
090 |     6 |    15
091 |    14 |     4
092 |   -12 |     9
093 |   -16 |    -2
094 |    -3 |    -1
095 |   -14 |   -13
096 |    -6 |     0
097 |    15 |    14
098 |    -1 |    11
099 |     2 |    11
09A |    -4 |     9
09B |     4 |   -12
09C |    -7 |     1
09D |    -1 |   -16
09E |     2 |    11
09F |     0 |    -6
0A0 |     6 |     8
0A1 |    -5 |   -13
0A2 |    -5 |    11
0A3 |    -5 |   -11
0A4 |    -3 |    -1
0A5 |     0 |    -6
0A6 |   -12 |     8
0A7 |    -3 |    -3
0A8 |     8 |    -2
0A9 |     8 |    12
0AA |    -9 |     0
0AB |    -5 |    -9
0AC |     7 |    -4
0AD |    10 |    13
0AE |    -7 |    12
0AF |   -13 |   -14
0B0 |     2 |    -5
0B1 |   -14 |    14
0B2 |    13 |    14
0B3 |    10 |     0
0B4 |     5 |   -13
0B5 |    10 |   -12
0B6 |    -1 |   -14
0B7 |    -6 |   -16
0B8 |    -6 |     4
0B9 |     4 |     2
0BA |     8 |   -16
0BB |     5 |     8
0BC |   -15 |     9
0BD |    -1 |     3
0BE |    11 |     1
0BF |   -12 |    -3
0C0 |     3 |   -13
0C1 |    -1 |     3
0C2 |   -12 |    -7
0C3 |    13 |   -15
0C4 |   -16 |    -8
0C5 |    -3 |     9
0C6 |    -3 |   -10
0C7 |     1 |    -9
0C8 |    -7 |    15
0C9 |    -4 |    -5
0CA |   -15 |    15
0CB |    -2 |     9
0CC |   -14 |     3
0CD |    -7 |     5
0CE |    -7 |    -8
0CF |    -9 |    11
0D0 |    15 |     5
0D1 |    10 |   -12
0D2 |    -5 |     2
0D3 |   -15 |    -3
0D4 |    -8 |   -12
0D5 |     1 |    -5
0D6 |     9 |   -11
0D7 |    10 |    -9
0D8 |    -1 |    11
0D9 |    -1 |    -2
0DA |     3 |   -16
0DB |    10 |    -6
0DC |    -4 |     1
0DD |     3 |   -14
0DE |    12 |    15
0DF |   -10 |     9
0E0 |     9 |   -10
0E1 |    -3 |     0
0E2 |     2 |     1
0E3 |   -12 |     6
0E4 |   -15 |    13
0E5 |     4 |     0
0E6 |    13 |     5
0E7 |   -12 |   -14
0E8 |    14 |    -4
0E9 |     1 |    -8
0EA |    -3 |     8
0EB |    -6 |   -10
0EC |    10 |    -8
0ED |    -5 |    -5
0EE |   -11 |   -13
0EF |    10 |    13
0F0 |     8 |    15
0F1 |    -5 |     7
0F2 |     2 |   -11
0F3 |     5 |    14
0F4 |    -1 |    12
0F5 |    11 |     2
0F6 |     5 |     5
0F7 |    -9 |     7
0F8 |    -4 |     5
0F9 |    15 |    -8
0FA |    14 |     0
0FB |    14 |    -2
0FC |     9 |   -10
0FD |   -16 |    -4
0FE |     3 |     6
0FF |   -12 |   -12
100 |     5 |    -6
101 |    11 |     3
102 |   -15 |   -16
103 |    13 |    -5
104 |     2 |    13
105 |    10 |    -3
106 |     0 |    14
107 |   -16 |    11
108 |     0 |    -8
109 |    -2 |     0
10A |    -1 |   -12
10B |    -6 |   -13
10C |    13 |   -16
10D |    12 |    -8
10E |   -14 |     1
10F |    -8 |    10
110 |   -11 |    -9
111 |    -2 |    -7
112 |    -9 |     0
113 |    -4 |     7
114 |    15 |    13
115 |    15 |   -16
116 |   -16 |     3
117 |    -2 |   -13
118 |   -10 |     3
119 |     2 |   -16
11A |    -6 |    -7
11B |     0 |   -12
11C |   -12 |     0
11D |   -14 |    15
11E |    13 |    -3
11F |    -1 |     3
120 |    -3 |    15
121 |    -5 |   -15
122 |    10 |    -3
123 |     8 |    14
124 |     7 |     6
125 |    14 |     7
126 |   -14 |     1
127 |     8 |     8
128 |   -12 |    15
129 |     0 |    -6
12A |     4 |   -15
12B |   -14 |   -11
12C |    -8 |   -12
12D |     7 |    14
12E |    -6 |    -2
12F |    -4 |     3
130 |    10 |     1
131 |    -3 |   -10
132 |   -12 |     4
133 |    -4 |    10
134 |    11 |    -9
135 |   -10 |   -15
136 |    12 |     0
137 |     8 |     2
138 |     8 |     8
139 |    12 |    -9
13A |    -8 |    -5
13B |    12 |     0
13C |    -4 |    -8
13D |     3 |     1
13E |    10 |    -9
13F |     9 |     1
140 |   -15 |     0
141 |    -2 |    15
142 |   -11 |    10
143 |    11 |    13
144 |    14 |   -12
145 |     7 |    -4
146 |    -3 |     8
147 |   -10 |    -6
148 |   -14 |    15
149 |     4 |   -13
14A |     9 |     5
14B |    12 |    -1
14C |     5 |     7
14D |     0 |    -4
14E |    -4 |   -13
14F |     1 |    -4
150 |    15 |    -7
151 |    -5 |    15
152 |    -8 |    -5
153 |     2 |    10
154 |     0 |    -5
155 |     0 |   -12
156 |     5 |    -4
157 |    10 |    -6
158 |    -4 |    -5
159 |    10 |    -7
15A |   -14 |     7
15B |   -11 |   -15
15C |   -10 |    13
15D |   -16 |    12
15E |   -11 |   -11
15F |    -5 |    15
160 |     0 |    13
161 |    -7 |    13
162 |     0 |   -16
163 |    13 |   -14
164 |   -16 |    -2
165 |     5 |    13
166 |     3 |     8
167 |     4 |     6
168 |     8 |    -8
169 |    -9 |     8
16A |    -7 |    11
16B |     7 |     8
16C |     0 |    -5
16D |    13 |   -12
16E |     6 |     7
16F |   -14 |   -10
170 |   -14 |   -14
171 |    -8 |    13
172 |    -8 |    -9
173 |     5 |    -6
174 |     6 |   -11
175 |   -14 |    -4
176 |    -1 |   -13
177 |     5 |   -11
178 |    -6 |   -10
179 |    10 |    12
17A |     7 |   -15
17B |     9 |   -14
17C |    -3 |    10
17D |   -16 |    10
17E |    11 |   -12
17F |    10 |     5
180 |   -10 |    15
181 |   -14 |   -13
182 |    11 |    -5
183 |    15 |     2
184 |     0 |    -4
185 |   -13 |    10
186 |   -16 |    10
187 |    -2 |    13
188 |   -16 |    15
189 |   -14 |    -1
18A |     1 |     2
18B |    -2 |    12
18C |    12 |   -14
18D |     2 |    -7
18E |    -6 |    10
18F |    -1 |   -13
190 |    -6 |     0
191 |    -1 |    -9
192 |    -4 |    12
193 |   -12 |    15
194 |     0 |   -15
195 |     2 |   -10
196 |   -13 |     9
197 |     8 |    14
198 |    -5 |     1
199 |     5 |    10
19A |    -4 |    -1
19B |     9 |    -4
19C |    15 |    11
19D |     3 |    -9
19E |   -15 |     7
19F |     5 |     9
1A0 |   -13 |    -6
1A1 |     9 |    -2
1A2 |   -14 |    12
1A3 |     0 |    -1
1A4 |   -10 |    15
1A5 |    -5 |    -3
1A6 |    -6 |     4
1A7 |     9 |     0
1A8 |   -12 |     0
1A9 |    -1 |    -1
1AA |     6 |    -4
1AB |    -7 |     2
1AC |    -3 |    10
1AD |   -10 |    14
1AE |     4 |    12
1AF |    -9 |     7
1B0 |    10 |    15
1B1 |   -11 |    -9
1B2 |     5 |     7
1B3 |   -12 |    14
1B4 |   -15 |     2
1B5 |    12 |     2
1B6 |   -11 |     7
1B7 |     7 |   -11
1B8 |    10 |    -9
1B9 |    -4 |    -5
1BA |   -12 |    -1
1BB |   -16 |    14
1BC |    11 |   -11
1BD |     7 |   -10
1BE |    13 |    11
1BF |   -14 |    -9
1C0 |     1 |   -12
1C1 |     0 |     4
1C2 |   -13 |    12
1C3 |   -15 |    -9
1C4 |     5 |   -14
1C5 |    -6 |    -3
1C6 |     5 |    -9
1C7 |     6 |    -5
1C8 |     7 |    15
1C9 |    14 |    -3
1CA |     4 |    -3
1CB |    14 |    13
1CC |    -7 |     7
1CD |   -13 |    -5
1CE |   -12 |    -6
1CF |   -11 |    14
1D0 |     0 |    -5
1D1 |   -14 |    -9
1D2 |    -9 |   -16
1D3 |    -8 |    15
1D4 |    -8 |    11
1D5 |     9 |     5
1D6 |    -1 |   -12
1D7 |   -10 |   -10
1D8 |    -9 |     2
1D9 |   -11 |   -15
1DA |     0 |    -2
1DB |    13 |    15
1DC |    10 |    -3
1DD |   -11 |    10
1DE |    -5 |    -6
1DF |    -5 |     8
1E0 |    -7 |    -6
1E1 |    10 |    -7
1E2 |    14 |   -16
1E3 |    15 |    -9
1E4 |     9 |    14
1E5 |   -10 |   -14
1E6 |     3 |    -5
1E7 |   -16 |   -13
1E8 |    -1 |     1
1E9 |    11 |     8
1EA |    14 |     8
1EB |     7 |     2
1EC |   -13 |     2
1ED |   -13 |   -11
1EE |    -3 |    13
1EF |     1 |   -12
1F0 |    -1 |    -7
1F1 |    13 |    -6
1F2 |     8 |    14
1F3 |   -11 |    10
1F4 |    -9 |    -9
1F5 |     2 |    12
1F6 |     7 |    -5
1F7 |   -16 |   -12
1F8 |    -2 |     5
1F9 |    -2 |     4
1FA |     9 |    -8
1FB |    13 |    -8
1FC |     5 |   -13
1FD |    -8 |    12
1FE |    10 |     0
1FF |     0 |    12
200 |    -9 |     9
201 |   -16 |     4
202 |     4 |    -6
203 |   -15 |   -13
204 |    -6 |     4
205 |     2 |     0
206 |    -7 |     2
207 |   -15 |    -8
208 |     8 |    -2
209 |    -7 |   -10
20A |     7 |     8
20B |     7 |    13
20C |    -5 |    -5
20D |    13 |     7
20E |   -12 |     9
20F |    -8 |    -8
210 |     1 |   -11
211 |    -7 |    -4
212 |   -12 |    -5
213 |    -4 |    11
214 |   -12 |   -11
215 |    -3 |    11
216 |    15 |     9
217 |    -2 |    -4
218 |     4 |    -3
219 |     8 |     8
21A |    -4 |     9
21B |   -10 |    -6
21C |    14 |     9
21D |   -12 |     1
21E |     0 |     4
21F |   -14 |    -8
220 |   -10 |     2
221 |   -14 |     4
222 |    14 |     3
223 |   -12 |     8
224 |    13 |    -6
225 |    -8 |   -12
226 |    -8 |     1
227 |   -10 |   -14
228 |    11 |    -8
229 |   -13 |    15
22A |    -5 |    -6
22B |   -14 |    14
22C |     4 |   -14
22D |    -1 |     4
22E |     2 |     2
22F |     3 |    -6
230 |     0 |    -9
231 |     1 |   -11
232 |     8 |    -9
233 |   -13 |    -5
234 |   -15 |   -15
235 |    12 |    -5
236 |    -9 |    -4
237 |    14 |    -8
238 |   -16 |    11
239 |    -4 |   -11
23A |    14 |    13
23B |    -4 |   -15
23C |    13 |     6
23D |   -14 |    12
23E |    -5 |    -9
23F |    12 |     9
240 |     6 |    -8
241 |     7 |   -15
242 |    15 |    -1
243 |   -15 |    -1
244 |    12 |   -14
245 |     2 |    13
246 |     2 |   -15
247 |    -6 |     7
248 |   -11 |    -7
249 |    -6 |    13
24A |    -2 |    14
24B |    -7 |   -15
24C |   -10 |     7
24D |     9 |     4
24E |    -6 |    -7
24F |    13 |     8
250 |   -14 |    10
251 |    13 |    -4
252 |   -14 |     7
253 |    10 |    14
254 |   -13 |     3
255 |     0 |     8
256 |     2 |   -15
257 |     7 |   -15
258 |   -16 |    -8
259 |    -3 |     7
25A |    11 |   -12
25B |     5 |     1
25C |    15 |     3
25D |    -5 |     5
25E |     0 |    -4
25F |    15 |    -5
260 |    -8 |    11
261 |    -8 |   -15
262 |     2 |    13
263 |     3 |    -9
264 |    -2 |     4
265 |    11 |     0
266 |     0 |    -4
267 |   -14 |   -15
268 |    -2 |    -7
269 |    -9 |    12
26A |   -11 |    -1
26B |     1 |     6
26C |   -11 |     9
26D |     0 |     3
26E |   -10 |    15
26F |     8 |    -7
270 |    -5 |    -3
271 |    -7 |     9
272 |    -9 |    11
273 |   -15 |    -6
274 |    -9 |    -2
275 |     6 |    -4
276 |     3 |     9
277 |     3 |    -4
278 |     4 |     3
279 |    -9 |   -13
27A |    -1 |   -10
27B |     7 |    13
27C |    15 |    -6
27D |    -7 |     8
27E |     1 |    -4
27F |    -4 |   -10
280 |    -9 |     9
281 |    -4 |     8
282 |   -16 |   -13
283 |     5 |   -16
284 |     4 |     3
285 |    -9 |    15
286 |    -5 |    12
287 |    -1 |     5
288 |   -15 |    -4
289 |    12 |    -5
28A |     7 |     2
28B |     0 |     5
28C |   -13 |    -7
28D |    -9 |     1
28E |   -16 |    -8
28F |     7 |    -1
290 |     2 |     6
291 |    13 |   -11
292 |   -11 |     1
293 |    -8 |    13
294 |    -2 |    -5
295 |    -7 |    15
296 |    -4 |   -16
297 |    -2 |    14
298 |   -11 |   -15
299 |    12 |   -13
29A |     4 |     8
29B |    -7 |   -12
29C |     1 |     6
29D |   -11 |     7
29E |    -7 |   -14
29F |    -9 |    -7
2A0 |     6 |     7
2A1 |   -14 |    -9
2A2 |    -5 |    -5
2A3 |     0 |     7
2A4 |    10 |     0
2A5 |   -15 |    15
2A6 |     5 |    -2
2A7 |   -13 |    -9
2A8 |    -8 |     1
2A9 |     3 |   -12
2AA |    15 |     1
2AB |    -3 |    10
2AC |    -9 |     3
2AD |    -5 |    10
2AE |    12 |     7
2AF |    -9 |    12
2B0 |    -4 |    12
2B1 |   -11 |   -15
2B2 |     5 |    -8
2B3 |    -2 |    14
2B4 |     0 |   -12
2B5 |    -1 |     9
2B6 |   -15 |     6
2B7 |   -16 |   -16
2B8 |    -9 |    -4
2B9 |     6 |    10
2BA |     1 |   -11
2BB |    -2 |    10
2BC |    -3 |     3
2BD |     2 |    -2
2BE |    -9 |   -12
2BF |    -9 |   -11
2C0 |     6 |    -9
2C1 |    -4 |    -1
2C2 |    -2 |     4
2C3 |   -16 |     4
2C4 |     0 |     7
2C5 |     6 |    -2
2C6 |   -15 |     8
2C7 |     2 |    -1
2C8 |     1 |     0
2C9 |    11 |    -2
2CA |   -11 |     1
2CB |     0 |     8
2CC |    11 |     7
2CD |     5 |    11
2CE |     1 |    -2
2CF |    -6 |     0
2D0 |   -11 |    15
2D1 |    -9 |   -15
2D2 |     6 |   -11
2D3 |   -14 |     9
2D4 |     0 |     9
2D5 |    -9 |    12
2D6 |   -12 |    12
2D7 |   -11 |    10
2D8 |    -7 |    13
2D9 |   -13 |   -12
2DA |    11 |   -14
2DB |     6 |     4
2DC |    14 |    -4
2DD |    -4 |    -3
2DE |     7 |    11
2DF |   -11 |     4
2E0 |   -10 |    11
2E1 |    15 |    11
2E2 |    -5 |     7
2E3 |    14 |    -1
2E4 |     1 |    -6
2E5 |    -3 |    15
2E6 |     6 |   -11
2E7 |    -5 |    13
2E8 |    14 |     7
2E9 |     4 |    -2
2EA |     0 |     8
2EB |    -9 |    15
2EC |    -2 |    -2
2ED |   -15 |     9
2EE |    -5 |     1
2EF |     4 |   -14
2F0 |     7 |     4
2F1 |    -6 |   -16
2F2 |    -3 |    -3
2F3 |     7 |    -5
2F4 |     7 |   -13
2F5 |   -10 |    -8
2F6 |    11 |   -16
2F7 |    -4 |    14
2F8 |     1 |   -13
2F9 |     6 |    -4
2FA |   -16 |    -6
2FB |   -13 |    15
2FC |    12 |     4
2FD |    -1 |     5
2FE |     3 |    -4
2FF |    13 |   -13
300 |   -13 |   -16
301 |   -11 |   -14
302 |   -15 |   -10
303 |     0 |    14
304 |    -8 |    11
305 |    -3 |   -15
306 |     2 |    -3
307 |    13 |   -16
308 |     4 |     0
309 |    -3 |    10
30A |    15 |     6
30B |     7 |    10
30C |     0 |    13
30D |    -5 |   -12
30E |     0 |    -1
30F |     9 |     7
310 |    15 |     4
311 |    -1 |     8
312 |    -8 |     9
313 |   -12 |    10
314 |     5 |     1
315 |    -4 |    -3
316 |     5 |    -1
317 |     1 |     3
318 |    -1 |   -10
319 |    -9 |    14
31A |     6 |     5
31B |    -3 |    -4
31C |     9 |    -5
31D |    -5 |     7
31E |     1 |    -7
31F |   -11 |    -2
320 |   -10 |     9
321 |     2 |     2
322 |     0 |    -3
323 |   -11 |    -2
324 |    15 |    -4
325 |    13 |     6
326 |   -13 |     0
327 |    11 |   -15
328 |     8 |     4
329 |     8 |     3
32A |   -15 |    15
32B |     7 |   -10
32C |    -6 |   -15
32D |     6 |   -11
32E |    11 |     9
32F |     9 |     3
330 |     9 |    -2
331 |    12 |    13
332 |    -6 |     7
333 |    -2 |     0
334 |   -16 |   -16
335 |   -16 |    10
336 |   -15 |     8
337 |     4 |    11
338 |    12 |    -6
339 |     9 |   -15
33A |    -1 |    -2
33B |    -2 |     1
33C |     8 |   -12
33D |   -12 |     6
33E |    -7 |    -6
33F |     3 |    -8
340 |     3 |   -12
341 |   -16 |    -6
342 |    10 |   -11
343 |    -2 |     6
344 |    -6 |    -1
345 |   -10 |   -13
346 |    -4 |   -14
347 |    -9 |    -4
348 |   -16 |    13
349 |     7 |    -2
34A |   -13 |    -2
34B |     9 |    -6
34C |     7 |     6
34D |    10 |     8
34E |     7 |    -6
34F |     1 |   -12
350 |     3 |   -15
351 |   -13 |     7
352 |     9 |    11
353 |   -10 |    -7
354 |    15 |     8
355 |     5 |     5
356 |    13 |    -2
357 |     3 |     1
358 |     5 |     2
359 |    13 |    -7
35A |    13 |     1
35B |   -10 |    -3
35C |    -4 |    -7
35D |     7 |    -2
35E |    -4 |    -7
35F |    15 |   -10
360 |     6 |    -9
361 |   -13 |    -1
362 |    13 |     0
363 |     4 |    15
364 |    -6 |    14
365 |     8 |     9
366 |    -7 |   -11
367 |   -12 |     0
368 |   -16 |    -3
369 |   -11 |    -5
36A |   -15 |    -9
36B |    -7 |   -12
36C |    -8 |    -2
36D |    15 |     8
36E |     4 |   -11
36F |     5 |     3
370 |   -12 |     2
371 |    15 |   -10
372 |    -5 |   -15
373 |   -12 |   -11
374 |     8 |    -6
375 |    -7 |     6
376 |    -7 |    -5
377 |     8 |     3
378 |     9 |    14
379 |     8 |    -9
37A |    14 |     9
37B |   -13 |    -6
37C |    15 |   -11
37D |     3 |    -7
37E |    14 |     0
37F |    -4 |    13
380 |     1 |   -10
381 |    14 |    -3
382 |   -13 |     0
383 |    -5 |    -1
384 |     6 |     8
385 |   -12 |   -16
386 |    -6 |     2
387 |     2 |    15
388 |     0 |     4
389 |    -5 |   -13
38A |   -14 |   -15
38B |    11 |    11
38C |   -12 |    12
38D |     3 |    -1
38E |   -11 |     6
38F |     7 |    -3
390 |     9 |    -7
391 |    -7 |     5
392 |   -10 |     6
393 |   -10 |     3
394 |    11 |   -10
395 |     9 |     9
396 |     1 |    -9
397 |    11 |    -6
398 |   -16 |    -7
399 |    10 |    12
39A |   -14 |    -7
39B |   -14 |    -5
39C |    15 |     9
39D |    -4 |   -14
39E |   -16 |    -8
39F |     9 |   -15
3A0 |    -4 |    -8
3A1 |    -1 |   -10
3A2 |   -15 |    10
3A3 |   -15 |    -3
3A4 |     8 |    -2
3A5 |   -10 |    -9
3A6 |    11 |    -5
3A7 |   -10 |    12
3A8 |    -3 |   -11
3A9 |   -15 |     1
3AA |    -8 |     2
3AB |     6 |   -15
3AC |    -2 |   -15
3AD |     7 |    10
3AE |     1 |     6
3AF |    11 |    14
3B0 |     1 |   -10
3B1 |     8 |     5
3B2 |    15 |   -11
3B3 |     0 |    10
3B4 |    -2 |     8
3B5 |    -3 |    12
3B6 |     4 |   -13
3B7 |     9 |     9
3B8 |    -4 |   -11
3B9 |     3 |   -16
3BA |    -4 |   -16
3BB |    -6 |    10
3BC |    15 |     5
3BD |     9 |   -12
3BE |    -3 |     0
3BF |    -2 |     2
3C0 |    -4 |    13
3C1 |   -14 |    -8
3C2 |     6 |   -14
3C3 |    13 |     8
3C4 |    -8 |    -7
3C5 |   -14 |    15
3C6 |   -12 |    -5
3C7 |     8 |    -1
3C8 |    -5 |    -1
3C9 |    -9 |    -1
3CA |     7 |     7
3CB |   -15 |   -10
3CC |    -3 |     7
3CD |    -2 |    -3
3CE |   -16 |     3
3CF |    12 |    -9
3D0 |    11 |     0
3D1 |   -12 |    -1
3D2 |    11 |     8
3D3 |    -4 |    -1
3D4 |   -16 |    -7
3D5 |   -15 |    -8
3D6 |   -14 |     2
3D7 |     6 |     2
3D8 |    -4 |     1
3D9 |    -8 |    -4
3DA |   -15 |    -5
3DB |   -13 |    11
3DC |    14 |     0
3DD |    -5 |   -15
3DE |     9 |     2
3DF |    -4 |    12
3E0 |     4 |    10
3E1 |     7 |   -11
3E2 |    12 |   -14
3E3 |    -8 |     9
3E4 |   -14 |   -16
3E5 |   -15 |     2
3E6 |     3 |     9
3E7 |    11 |   -10
3E8 |     9 |    -5
3E9 |    12 |     3
3EA |     9 |    -5
3EB |     8 |   -16
3EC |     2 |     3
3ED |    -3 |   -11
3EE |    -1 |    -5
3EF |     2 |    11
3F0 |   -16 |    -8
3F1 |   -15 |    15
3F2 |    -8 |    10
3F3 |    -4 |    13
3F4 |    -1 |    -4
3F5 |     6 |    13
3F6 |    15 |     6
3F7 |    -7 |     2
3F8 |    14 |    -9
3F9 |   -14 |    -9
3FA |    12 |     5
3FB |    13 |    -7
3FC |    -4 |   -11
3FD |   -14 |    -1
3FE |    11 |    13
3FF |    14 |     1
400 |    10 |    -5
401 |    -5 |    -2
402 |   -16 |     0
403 |   -11 |    10
404 |     0 |   -15
405 |   -10 |    -7
406 |     5 |    12
407 |    -2 |     4
408 |   -10 |    -3
409 |    -6 |    -3
40A |    -4 |    14
40B |    12 |    -6
40C |    -6 |     4
40D |   -15 |     1
40E |    -7 |     2
40F |    -5 |   -11
410 |     0 |     8
411 |    -6 |    -8
412 |     8 |     2
413 |     5 |     5
414 |    -5 |   -15
415 |     5 |    -4
416 |    -1 |     3
417 |   -16 |   -10
418 |     0 |    -6
419 |     7 |    -9
41A |     2 |    10
41B |    -9 |     1
41C |   -16 |    11
41D |     6 |     0
41E |    -9 |     4
41F |    13 |    13
420 |    -1 |    -9
421 |     0 |     7
422 |     2 |     0
423 |    -8 |     7
424 |    15 |     3
425 |    -1 |     5
426 |   -16 |    -7
427 |    -2 |   -10
428 |     4 |    -2
429 |    -9 |   -13
42A |   -15 |    15
42B |    11 |     1
42C |     3 |    12
42D |     7 |    -2
42E |   -10 |   -14
42F |    -9 |    -3
430 |     6 |    -5
431 |     4 |    -4
432 |     7 |     2
433 |    11 |     3
434 |     2 |     9
435 |    -2 |     0
436 |     8 |    -8
437 |    11 |    -7
438 |    10 |    11
439 |    -9 |     1
43A |     0 |    -1
43B |    15 |    11
43C |    -2 |   -10
43D |     9 |    -6
43E |    -8 |   -15
43F |     1 |    12
440 |   -15 |   -16
441 |     4 |    -6
442 |     7 |   -11
443 |     3 |     0
444 |     2 |    12
445 |   -16 |     8
446 |    10 |     7
447 |   -10 |     9
448 |     6 |    10
449 |     8 |     7
44A |   -16 |    -7
44B |   -12 |    -4
44C |    10 |   -15
44D |   -14 |   -10
44E |    14 |    10
44F |    12 |    -9
450 |    12 |    14
451 |     1 |    13
452 |    -4 |    14
453 |   -14 |   -13
454 |    14 |   -16
455 |   -12 |    -2
456 |    15 |     7
457 |    -9 |   -12
458 |     0 |    -5
459 |    -7 |    13
45A |    -7 |    -3
45B |   -15 |    -6
45C |    -9 |     2
45D |    15 |     9
45E |    10 |     3
45F |     7 |    -9
460 |    -4 |    -6
461 |    -5 |    -3
462 |    -6 |    13
463 |    10 |     3
464 |    11 |    13
465 |   -12 |    -7
466 |   -12 |    -7
467 |     7 |    -9
468 |     3 |   -16
469 |     7 |     3
46A |     6 |   -11
46B |    -3 |    -6
46C |    -9 |     3
46D |    -3 |    -4
46E |     9 |    -8
46F |   -16 |     6
470 |     9 |    14
471 |     1 |     6
472 |     3 |    -2
473 |    13 |   -16
474 |    10 |   -10
475 |   -14 |     5
476 |    12 |    -3
477 |   -13 |     2
478 |   -15 |     3
479 |   -13 |   -13
47A |    -1 |    13
47B |   -14 |    -7
47C |    13 |     9
47D |     5 |    -9
47E |     5 |   -16
47F |    12 |    15
480 |   -12 |     6
481 |     8 |   -15
482 |   -12 |    -7
483 |     5 |     5
484 |     5 |     2
485 |    -6 |     3
486 |   -11 |    -1
487 |    15 |   -16
488 |    -6 |     7
489 |   -15 |    -4
48A |   -10 |    13
48B |    14 |   -14
48C |     1 |    -5
48D |    -8 |    -8
48E |    -4 |   -11
48F |   -14 |     2
490 |    -3 |    13
491 |    -1 |    -8
492 |    15 |    -8
493 |   -16 |     4
494 |     5 |     1
495 |     6 |     5
496 |     5 |    -2
497 |     8 |    13
498 |     5 |   -11
499 |     9 |    14
49A |    14 |    -2
49B |   -11 |   -16
49C |     2 |    -9
49D |     8 |    10
49E |   -11 |   -13
49F |     8 |    -5
4A0 |     6 |    12
4A1 |    -4 |    -3
4A2 |     2 |     0
4A3 |    12 |    12
4A4 |   -13 |    -8
4A5 |    15 |     6
4A6 |     4 |   -11
4A7 |    -9 |     7
4A8 |     9 |   -16
4A9 |    11 |    15
4AA |     7 |     8
4AB |     4 |    -6
4AC |    -2 |    12
4AD |   -13 |   -14
4AE |   -12 |    -2
4AF |    -5 |     4
4B0 |     8 |    -4
4B1 |   -13 |   -12
4B2 |    -3 |     2
4B3 |   -14 |    -9
4B4 |    -2 |   -14
4B5 |    10 |   -16
4B6 |     8 |     8
4B7 |   -10 |    -1
4B8 |    -7 |     8
4B9 |    -8 |     4
4BA |    14 |     7
4BB |    -4 |     7
4BC |   -16 |    12
4BD |   -11 |   -13
4BE |     2 |    10
4BF |   -14 |    14
4C0 |   -11 |    -7
4C1 |    10 |    -9
4C2 |   -11 |   -12
4C3 |   -16 |     4
4C4 |    12 |    11
4C5 |     7 |    -3
4C6 |   -16 |    -3
4C7 |   -11 |     0
4C8 |    13 |   -13
4C9 |   -14 |    -2
4CA |    11 |    -5
4CB |     4 |    -2
4CC |     8 |    -8
4CD |    11 |   -16
4CE |    -5 |    15
4CF |     4 |   -14
4D0 |    -1 |    -3
4D1 |    -1 |     7
4D2 |     9 |     2
4D3 |    -7 |     1
4D4 |     9 |   -12
4D5 |    -9 |   -15
4D6 |    14 |    -1
4D7 |    12 |     4
4D8 |     0 |     4
4D9 |   -14 |     4
4DA |   -13 |     1
4DB |     3 |     4
4DC |    -6 |     1
4DD |     2 |    13
4DE |   -15 |     5
4DF |   -12 |   -13
4E0 |    12 |    15
4E1 |     8 |    11
4E2 |    -2 |    -9
4E3 |     8 |    13
4E4 |    -5 |     7
4E5 |    -8 |    15
4E6 |     1 |     2
4E7 |    15 |     9
4E8 |    -8 |   -11
4E9 |    -8 |   -10
4EA |     0 |     1
4EB |     2 |    -8
4EC |     6 |     3
4ED |     2 |    11
4EE |    13 |    10
4EF |    -7 |    -4
4F0 |     9 |     5
4F1 |     4 |    10
4F2 |    -5 |     4
4F3 |    -1 |   -10
4F4 |   -14 |     0
4F5 |    13 |     3
4F6 |    -2 |     3
4F7 |    11 |    -8
4F8 |   -16 |    14
4F9 |   -12 |     5
4FA |    13 |   -10
4FB |    -7 |    -1
4FC |    -8 |   -13
4FD |   -10 |     1
4FE |     6 |    11
4FF |   -15 |     4
500 |     4 |    -5
501 |    15 |    -8
502 |     3 |    13
503 |   -11 |    10
504 |     9 |     8
505 |   -10 |   -14
506 |    -6 |     7
507 |   -13 |    11
508 |     3 |    -5
509 |    -9 |     1
50A |    -4 |     2
50B |    12 |    -3
50C |    -2 |     2
50D |     0 |    -8
50E |     4 |    -6
50F |   -16 |     9
510 |   -12 |    -4
511 |    -8 |     9
512 |   -14 |    12
513 |     4 |   -13
514 |    11 |   -12
515 |    14 |    -8
516 |    14 |    -1
517 |    12 |    -7
518 |     5 |     4
519 |     9 |    -6
51A |    -9 |   -10
51B |    11 |   -13
51C |    14 |    -1
51D |   -14 |    -4
51E |     5 |     1
51F |   -14 |    -7
520 |    -5 |     0
521 |    -7 |    -8
522 |   -14 |     4
523 |    -7 |   -13
524 |    10 |    10
525 |     6 |     0
526 |     9 |    -8
527 |    13 |    -5
528 |    -2 |   -16
529 |     7 |    10
52A |    11 |     1
52B |    11 |    -7
52C |     8 |     5
52D |    -7 |    -5
52E |     3 |     1
52F |    -8 |   -12
530 |    15 |    12
531 |    -5 |     8
532 |     6 |    -3
533 |    -8 |     3
534 |     9 |     5
535 |    -6 |    -1
536 |   -16 |   -13
537 |   -14 |    -7
538 |    -5 |     7
539 |   -14 |    -2
53A |    -8 |    -7
53B |     4 |     5
53C |     9 |    15
53D |    -8 |     5
53E |   -12 |   -11
53F |   -10 |   -15
540 |    -5 |    14
541 |   -16 |     4
542 |   -15 |     9
543 |     7 |     7
544 |     9 |   -12
545 |    -4 |   -16
546 |     5 |     7
547 |     4 |   -16
548 |    13 |   -10
549 |     4 |   -15
54A |   -11 |    14
54B |     1 |    -5
54C |     1 |    10
54D |    -5 |    -5
54E |    -5 |     5
54F |     4 |    -6
550 |    15 |    -5
551 |    10 |    15
552 |   -15 |     8
553 |    -3 |   -11
554 |    -5 |   -16
555 |    14 |   -15
556 |    15 |    -7
557 |   -12 |     9
558 |    12 |    -6
559 |     2 |    -7
55A |    12 |     7
55B |   -14 |    -1
55C |   -16 |     7
55D |    13 |   -13
55E |   -11 |     4
55F |     7 |   -16
560 |     2 |   -10
561 |    -6 |    -3
562 |     4 |   -16
563 |     4 |    11
564 |    10 |    -9
565 |     0 |     0
566 |    14 |     8
567 |     4 |     3
568 |     2 |   -14
569 |    -2 |    -8
56A |   -10 |    -1
56B |     9 |    11
56C |   -16 |     0
56D |     1 |     2
56E |     7 |   -12
56F |     1 |    13
570 |    -4 |   -16
571 |     4 |     1
572 |    -7 |    -1
573 |    15 |    -8
574 |    13 |   -11
575 |     5 |   -13
576 |     9 |   -15
577 |   -11 |     6
578 |   -12 |   -13
579 |    -6 |    11
57A |     4 |   -13
57B |     8 |    -9
57C |    -2 |    -3
57D |   -14 |    -2
57E |     0 |    10
57F |    11 |    -6
580 |     9 |    15
581 |    11 |   -16
582 |     5 |   -15
583 |     8 |    -7
584 |   -16 |    15
585 |     0 |     6
586 |    11 |     1
587 |    -9 |   -13
588 |    -8 |    14
589 |   -15 |     4
58A |   -16 |     1
58B |    15 |    -4
58C |     2 |    15
58D |    -9 |   -14
58E |     9 |   -10
58F |    -7 |   -15
590 |    -7 |    -8
591 |    10 |    12
592 |   -16 |   -12
593 |    13 |     4
594 |    -6 |     2
595 |     8 |    -1
596 |    -4 |   -14
597 |   -15 |     1
598 |    -7 |    13
599 |    -7 |     7
59A |   -10 |     2
59B |    -4 |     9
59C |    -6 |    -6
59D |    -5 |     9
59E |     9 |     5
59F |     5 |   -13
5A0 |     3 |   -16
5A1 |   -10 |    -5
5A2 |    -8 |     2
5A3 |     7 |    10
5A4 |    10 |   -15
5A5 |     1 |    10
5A6 |     3 |    -7
5A7 |     0 |    12
5A8 |     2 |    -4
5A9 |    12 |     3
5AA |     8 |   -13
5AB |   -11 |   -12
5AC |    -4 |    -4
5AD |   -14 |     3
5AE |     0 |    12
5AF |     5 |   -14
5B0 |    15 |    14
5B1 |    -9 |    -5
5B2 |     3 |   -13
5B3 |    -8 |     3
5B4 |   -11 |     9
5B5 |    -3 |     9
5B6 |     2 |    14
5B7 |    -1 |     7
5B8 |     2 |   -13
5B9 |     4 |     0
5BA |    15 |    -1
5BB |    -6 |    10
5BC |     2 |    -6
5BD |    -8 |    -7
5BE |     5 |    14
5BF |   -11 |    13
5C0 |   -15 |     7
5C1 |     4 |     4
5C2 |    14 |     2
5C3 |    -6 |    -1
5C4 |   -12 |     7
5C5 |     0 |    -7
5C6 |    -7 |    -7
5C7 |   -15 |    -2
5C8 |   -10 |    -1
5C9 |    13 |     6
5CA |    10 |   -10
5CB |    -9 |     7
5CC |    -4 |    -9
5CD |     8 |     9
5CE |    -6 |    -6
5CF |     1 |     3
5D0 |   -13 |    -7
5D1 |   -11 |     2
5D2 |   -14 |   -15
5D3 |     8 |   -11
5D4 |   -16 |   -10
5D5 |     5 |    10
5D6 |    10 |     4
5D7 |     8 |     4
5D8 |    12 |     2
5D9 |    -4 |   -12
5DA |    14 |   -15
5DB |     8 |    14
5DC |    -7 |   -12
5DD |     8 |     9
5DE |    -5 |     4
5DF |   -13 |    12
5E0 |    -5 |    -3
5E1 |   -14 |    -6
5E2 |     8 |    10
5E3 |     5 |    -7
5E4 |     4 |    -2
5E5 |    -1 |   -12
5E6 |    -1 |   -14
5E7 |     9 |    -9
5E8 |     7 |   -11
5E9 |     4 |    -6
5EA |    -8 |    -1
5EB |    -5 |    -8
5EC |     4 |     5
5ED |    -5 |    -9
5EE |    14 |   -14
5EF |    10 |    -9
5F0 |     7 |     5
5F1 |     8 |     1
5F2 |   -14 |     1
5F3 |    13 |    -5
5F4 |     4 |     2
5F5 |   -11 |   -15
5F6 |     8 |     8
5F7 |   -15 |     7
5F8 |     3 |    12
5F9 |    -7 |   -11
5FA |    11 |    11
5FB |     5 |     2
5FC |    -7 |     4
5FD |     7 |    13
5FE |    -2 |   -12
5FF |   -11 |    -2
