ROW | EXT_1 | EXT_2
-------------------
000 |     8 |     0
002 |     6 |    -3
004 |     7 |     5
006 |     1 |     1
008 |    -1 |     0
00A |    -1 |    -1
00C |     1 |    -1
00E |    -2 |    -1
010 |     0 |     0
012 |     0 |     0
014 |     3 |     1
016 |    -1 |     0
018 |    -2 |    -2
01A |     6 |     0
01C |     6 |    -2
01E |    -3 |     4
020 |     2 |    -2
022 |     5 |    10
024 |   -10 |    -8
026 |     3 |    12
028 |    21 |   -13
02A |    10 |   -13
02C |    13 |    14
02E |    13 |    11
030 |    12 |     6
032 |     0 |     1
034 |     0 |     0
036 |     0 |     1
038 |     1 |     0
03A |     1 |     1
03C |     0 |     0
03E |    -4 |    -3
040 |     7 |     9
042 |    -3 |    -4
044 |     7 |    -5
046 |     1 |    -1
048 |    -2 |     4
04A |     5 |     5
04C |     1 |    -4
04E |    -7 |     3
050 |     7 |    -1
052 |    13 |   -15
054 |   -13 |   -12
056 |     7 |   -17
058 |   -13 |    18
05A |    -6 |   -11
05C |     7 |    -4
05E |    11 |     7
060 |    10 |     9
062 |     3 |     2
064 |     8 |    13
066 |     3 |     0
068 |     7 |     1
06A |     0 |     5
06C |     1 |     7
06E |     7 |     6
070 |     5 |     7
072 |    -3 |     7
074 |     7 |     5
076 |    -3 |    -2
078 |     0 |     2
07A |     3 |     1
07C |     5 |     1
07E |     3 |     4
080 |    -2 |    -4
082 |    -6 |    -3
084 |    -2 |    -2
086 |     0 |    -8
088 |     6 |     4
08A |     2 |     1
08C |     3 |     7
08E |     8 |    -5
090 |    -3 |     1
092 |    -2 |     2
094 |     1 |     1
096 |     0 |    -3
098 |     1 |    -5
09A |     0 |     1
09C |     1 |     0
09E |     0 |     1
0A0 |    -1 |    -1
0A2 |     4 |    -1
0A4 |     2 |     1
0A6 |     4 |     0
0A8 |     2 |     0
0AA |     7 |     3
0AC |     1 |     3
0AE |     1 |     1
0B0 |    -2 |    -3
0B2 |    -3 |    -2
0B4 |    -1 |     2
0B6 |     2 |     1
0B8 |     7 |     8
0BA |     3 |    12
0BC |    -4 |     7
0BE |     5 |     7
0C0 |    -6 |    12
0C2 |    -3 |    -8
0C4 |    -1 |     8
0C6 |     6 |     1
0C8 |    -1 |    -2
0CA |    -1 |    -4
0CC |    12 |     7
0CE |     3 |    -6
0D0 |     5 |    -2
0D2 |     8 |    -3
0D4 |    -3 |     0
0D6 |    -6 |    -6
0D8 |     3 |     1
0DA |    -4 |    -3
0DC |     0 |     7
0DE |    10 |     7
0E0 |     0 |    -3
0E2 |    10 |     9
0E4 |     7 |     2
0E6 |    -5 |    13
0E8 |     6 |    -2
0EA |     5 |    -5
0EC |    -6 |    13
0EE |     5 |    11
0F0 |   -12 |    -2
0F2 |     9 |    12
0F4 |   -11 |   -10
0F6 |   -11 |   -12
0F8 |    14 |   -10
0FA |     7 |   -16
0FC |   -23 |   -19
0FE |    11 |    20
100 |    14 |    18
102 |    17 |   -14
104 |    -7 |    14
106 |   -10 |    -4
108 |    18 |   -12
10A |    19 |   -13
10C |    16 |    14
10E |    10 |   -12
110 |    -9 |   -16
112 |    -1 |     0
114 |    -4 |     1
116 |    -4 |    -2
118 |   -10 |    -2
11A |    -6 |    -7
11C |    -6 |     5
11E |   -13 |   -12
120 |    -2 |     7
122 |    -7 |    -1
124 |     4 |    -4
126 |     4 |     1
128 |     0 |    -5
12A |     6 |    -4
12C |     2 |    -8
12E |     3 |     4
130 |     3 |     6
132 |     6 |     1
134 |     0 |     0
136 |     2 |     7
138 |    -8 |     3
13A |     8 |     2
13C |    -1 |    13
13E |    -9 |    15
140 |    10 |     6
142 |    -6 |    -7
144 |    11 |    -2
146 |    10 |    -8
148 |    -7 |     0
14A |    -9 |    -3
14C |     0 |    -1
14E |    -6 |    -2
150 |     1 |    -5
152 |     5 |     7
154 |    -3 |    -2
156 |    -1 |     0
158 |    -6 |    13
15A |     3 |     1
15C |     4 |     0
15E |     3 |     4
160 |   -13 |    11
162 |    -4 |   -11
164 |   -13 |     9
166 |    18 |   -12
168 |    16 |    20
16A |   -13 |    14
16C |    13 |   -10
16E |   -13 |    -3
170 |    -2 |     9
172 |    -5 |    -6
174 |    -8 |    -7
176 |   -10 |     8
178 |   -14 |    -6
17A |   -10 |    -6
17C |    -1 |    -6
17E |    -6 |     0
180 |     5 |     1
182 |     1 |     1
184 |     1 |     0
186 |    -2 |     2
188 |     2 |     0
18A |     1 |     0
18C |     2 |     3
18E |     0 |    -7
190 |    -3 |     7
192 |    -4 |    -4
194 |    -4 |    -5
196 |    -5 |     8
198 |   -11 |     1
19A |    -6 |    -6
19C |    -4 |    -4
19E |    -5 |     7
1A0 |     7 |     9
1A2 |    11 |     6
1A4 |   -13 |    -3
1A6 |    -6 |     9
1A8 |   -11 |     7
1AA |    -6 |   -10
1AC |    13 |   -17
1AE |    10 |    14
1B0 |   -13 |    13
1B2 |    13 |    12
1B4 |    -9 |    -2
1B6 |    -8 |    -8
1B8 |    -6 |   -14
1BA |   -10 |    17
1BC |    18 |    20
1BE |   -20 |   -20
1C0 |   -19 |    15
1C2 |    25 |    22
1C4 |   -17 |    16
1C6 |   -13 |    10
1C8 |   -10 |    12
1CA |   -11 |     6
1CC |   -13 |    -6
1CE |     5 |     8
1D0 |    10 |   -10
1D2 |    -8 |     9
1D4 |    -9 |     4
1D6 |     5 |     4
1D8 |    -7 |    -6
1DA |    -6 |     7
1DC |     5 |     7
1DE |    -4 |     2
1E0 |     4 |     3
1E2 |    -3 |     5
1E4 |     0 |    -4
1E6 |     2 |     0
1E8 |    -3 |     0
1EA |     0 |     1
1EC |     1 |     1
1EE |     1 |     5
1F0 |     0 |     3
1F2 |     0 |     0
1F4 |     4 |    -1
1F6 |     0 |     0
1F8 |    -2 |    -2
1FA |     1 |     1
1FC |     4 |     1
1FE |     4 |    -3
200 |     0 |     2
202 |    -4 |    -1
204 |    -1 |     0
206 |    -3 |     0
208 |     0 |     1
20A |     2 |     1
20C |     2 |     4
20E |     0 |     1
210 |    -1 |    -2
212 |    -6 |     1
214 |     0 |     1
216 |    -3 |    -8
218 |    -6 |     5
21A |     1 |     1
21C |     1 |    -4
21E |     0 |     1
220 |     0 |     0
222 |    -2 |     1
224 |     4 |     1
226 |    -4 |     0
228 |     1 |     0
22A |    -3 |     1
22C |    -2 |     8
22E |    -2 |     3
230 |    -1 |    -6
232 |     7 |    -5
234 |     1 |     3
236 |     9 |    -3
238 |    -5 |     4
23A |    -6 |     1
23C |     7 |     0
23E |     0 |     4
240 |     1 |    -3
242 |    -2 |    10
244 |     9 |     7
246 |    -7 |     5
248 |    -5 |    -8
24A |     7 |    -9
24C |    -9 |     8
24E |   -11 |    14
250 |    -4 |     6
252 |    -7 |    25
254 |   -10 |   -11
256 |    10 |    -9
258 |    11 |   -13
25A |   -11 |    10
25C |     3 |   -13
25E |     4 |     0
260 |     1 |     0
262 |    -1 |     5
264 |    17 |    13
266 |    18 |   -23
268 |    21 |   -19
26A |    23 |    13
26C |    23 |   -15
26E |   -18 |   -11
270 |    15 |     7
272 |    10 |    10
274 |    -4 |    -3
276 |     4 |     9
278 |    -5 |    -6
27A |     9 |    10
27C |   -17 |    -9
27E |    -9 |   -11
280 |    -8 |     7
282 |    12 |     5
284 |     8 |     4
286 |     1 |    -6
288 |    -6 |     2
28A |    -2 |     7
28C |     5 |    -6
28E |    -4 |   -11
290 |    -7 |    -4
292 |     9 |     9
294 |   -13 |   -16
296 |    14 |   -13
298 |   -12 |    16
29A |   -12 |     5
29C |   -14 |     4
29E |     4 |    -8
2A0 |    -8 |    -7
2A2 |    13 |     5
2A4 |     7 |     8
2A6 |     1 |     7
2A8 |     1 |    13
2AA |    -4 |     6
2AC |     1 |    -5
2AE |    -3 |    -5
2B0 |   -11 |    -1
2B2 |     4 |     9
2B4 |     7 |     6
2B6 |    -1 |     3
2B8 |    -8 |    -5
2BA |     5 |    -1
2BC |     1 |     2
2BE |    -5 |    -3
2C0 |    10 |    -8
2C2 |     8 |     9
2C4 |    -6 |     7
2C6 |    -8 |    13
2C8 |     7 |    -6
2CA |    -7 |    -5
2CC |     8 |     7
2CE |    -6 |    -8
2D0 |    -6 |    -4
2D2 |     1 |    -6
2D4 |     6 |     7
2D6 |    -4 |     3
2D8 |    -5 |     7
2DA |     0 |     7
2DC |     4 |     7
2DE |    -5 |    -6
2E0 |     7 |     1
2E2 |    -4 |    -1
2E4 |     5 |     7
2E6 |    -6 |    -6
2E8 |     4 |     6
2EA |    -9 |    -6
2EC |     9 |     9
2EE |    11 |    -7
2F0 |   -10 |    13
2F2 |     8 |    -6
2F4 |     6 |     7
2F6 |   -13 |    -6
2F8 |    -7 |    -6
2FA |     6 |    -3
2FC |    10 |     0
2FE |     7 |    -6
300 |    -4 |     6
302 |    -5 |    -2
304 |    -1 |    -6
306 |     0 |    -3
308 |    -3 |     1
30A |    -4 |    -2
30C |    -1 |     8
30E |     1 |     2
310 |     1 |     4
312 |     1 |     1
314 |    -2 |    -2
316 |    -2 |     7
318 |     2 |     1
31A |     0 |     0
31C |     3 |    -8
31E |     5 |     2
320 |     0 |     6
322 |     4 |    -6
324 |     6 |    -6
326 |     1 |     7
328 |    -6 |    -8
32A |    12 |     5
32C |    -3 |     8
32E |    -2 |    -6
330 |     7 |   -10
332 |    11 |    -7
334 |    -5 |    12
336 |    10 |    -6
338 |     7 |     0
33A |    -5 |    -6
33C |     4 |    10
33E |   -10 |     8
340 |     8 |    -6
342 |     1 |     5
344 |     1 |     0
346 |     2 |     3
348 |    -5 |    -4
34A |     4 |     1
34C |     1 |     8
34E |     8 |     6
350 |     0 |     9
352 |    -3 |     6
354 |     8 |    -3
356 |    -8 |    -6
358 |   -10 |     7
35A |     6 |    11
35C |     6 |    11
35E |     5 |     1
360 |    -6 |    -6
362 |    -7 |     9
364 |    -2 |     7
366 |     2 |    13
368 |     8 |     7
36A |     7 |    15
36C |    12 |     4
36E |    -4 |     8
370 |     6 |    -5
372 |     1 |    -5
374 |    -6 |   -13
376 |    15 |   -10
378 |    17 |   -12
37A |    -9 |     6
37C |     5 |     7
37E |    12 |    -6
380 |     7 |    -5
382 |    -7 |    11
384 |    -7 |     7
386 |     9 |     6
388 |   -10 |    -6
38A |     8 |   -11
38C |    10 |    -7
38E |    -3 |    11
390 |    14 |    -9
392 |    13 |    -3
394 |    16 |     7
396 |    -1 |    -3
398 |     7 |    -2
39A |     7 |     7
39C |     0 |    -7
39E |     9 |    -6
3A0 |    12 |    -5
3A2 |   -10 |     2
3A4 |    14 |     5
3A6 |    -1 |     2
3A8 |     1 |    -7
3AA |     0 |     5
3AC |     0 |     1
3AE |    -1 |    -1
3B0 |     3 |     6
3B2 |     1 |    -1
3B4 |    -1 |     1
3B6 |     1 |     8
3B8 |    -6 |     0
3BA |    -7 |    -4
3BC |     2 |    -9
3BE |     5 |     7
3C0 |     0 |     2
3C2 |    -8 |     5
3C4 |     5 |     6
3C6 |     7 |    -3
3C8 |     5 |    -1
3CA |     2 |    -5
3CC |     5 |     5
3CE |    -1 |     2
3D0 |     1 |     0
3D2 |     2 |    -3
3D4 |     3 |    -8
3D6 |    -8 |     6
3D8 |    -2 |    -8
3DA |    -1 |     3
3DC |    -5 |     0
3DE |     1 |    -5
3E0 |     0 |     7
3E2 |     0 |    -5
3E4 |    -6 |     4
3E6 |     4 |     8
3E8 |     1 |     0
3EA |    15 |     3
3EC |    10 |     1
3EE |    -8 |   -15
3F0 |     7 |    -6
3F2 |     7 |     2
3F4 |    -3 |    -6
3F6 |     4 |     7
3F8 |    -1 |     7
3FA |    -5 |    -5
3FC |    -4 |     0
3FE |     8 |    -3
400 |     7 |     5
402 |     5 |    11
404 |     8 |    -6
406 |     6 |     0
408 |    13 |    13
40A |    11 |    14
40C |     7 |   -10
40E |    10 |    -4
410 |     1 |    -5
412 |     0 |     1
414 |    -3 |    -2
416 |     0 |     4
418 |    -6 |     7
41A |    12 |     7
41C |    -5 |    -2
41E |     8 |     0
420 |    -2 |     7
422 |    -4 |    -6
424 |     1 |    11
426 |    -4 |    -6
428 |    -1 |     1
42A |    -1 |    -5
42C |    -5 |     1
42E |    -6 |    -2
430 |     3 |    10
432 |     2 |    -5
434 |     3 |    -6
436 |     6 |    -5
438 |    -2 |     0
43A |    -2 |     7
43C |     1 |     5
43E |     1 |     7
440 |     3 |    -2
442 |     2 |     3
444 |    -6 |     3
446 |     7 |     7
448 |     5 |     4
44A |    -7 |    -1
44C |     0 |     6
44E |     5 |   -11
450 |    -6 |     6
452 |    14 |     0
454 |     5 |     6
456 |    -2 |    -3
458 |    -5 |    -6
45A |    -6 |    10
45C |     3 |    10
45E |    -3 |    -6
460 |     8 |     3
462 |    -1 |     1
464 |     6 |     0
466 |    -6 |     2
468 |     6 |    -2
46A |    -1 |     2
46C |     3 |    -1
46E |     0 |    -3
470 |     0 |    -4
472 |   -10 |     8
474 |     7 |     9
476 |    10 |     7
478 |    12 |   -11
47A |    13 |   -11
47C |   -11 |    13
47E |    -7 |   -11
480 |    -3 |    -9
482 |    -4 |    10
484 |    -5 |     1
486 |    -4 |     3
488 |    -1 |     6
48A |     5 |     4
48C |     3 |     9
48E |     5 |    -5
490 |     0 |     2
492 |     5 |    -2
494 |    -3 |     1
496 |     7 |   -10
498 |     9 |     5
49A |     7 |     4
49C |     1 |    -2
49E |     3 |    -3
4A0 |    -6 |   -14
4A2 |    13 |     5
4A4 |     6 |   -19
4A6 |    13 |    -6
4A8 |    19 |    18
4AA |   -12 |   -17
4AC |   -13 |    13
4AE |    17 |    -9
4B0 |    15 |    -6
4B2 |    15 |    -9
4B4 |    12 |   -10
4B6 |     7 |    -5
4B8 |     3 |    -5
4BA |    -1 |     3
4BC |     0 |     7
4BE |     1 |    -2
4C0 |     7 |     4
4C2 |     3 |    -1
4C4 |     0 |    -4
4C6 |    -3 |     3
4C8 |    -3 |    -1
4CA |    -2 |    12
4CC |   -13 |    -5
4CE |    14 |    10
4D0 |     9 |    -1
4D2 |     7 |   -12
4D4 |     0 |    -5
4D6 |   -12 |   -13
4D8 |    11 |   -12
4DA |   -12 |    15
4DC |    13 |    16
4DE |    13 |    20
4E0 |     7 |    22
4E2 |    -9 |    12
4E4 |    10 |    -8
4E6 |    -7 |    -7
4E8 |    15 |    13
4EA |    -3 |    -9
4EC |     4 |     7
4EE |     4 |     4
4F0 |    -1 |     2
4F2 |     2 |     0
4F4 |     2 |     5
4F6 |     7 |    -4
4F8 |     5 |    -1
4FA |     4 |     7
4FC |     6 |    11
4FE |    -8 |     9
500 |    12 |    -3
502 |     9 |    -6
504 |     9 |    11
506 |    -8 |   -10
508 |    11 |    -8
50A |    -7 |    -6
50C |     7 |    -5
50E |     6 |    -6
510 |     6 |     8
512 |    -8 |    -6
514 |     8 |    -5
516 |     5 |    10
518 |    -4 |     3
51A |     0 |    -7
51C |     6 |    -5
51E |    -6 |    -6
520 |    -6 |    11
522 |     7 |    -8
524 |     2 |     4
526 |     1 |     1
528 |     1 |    -3
52A |    -4 |   -10
52C |    -9 |    13
52E |     1 |     1
530 |   -18 |    -1
532 |     9 |    13
534 |     0 |     2
536 |     5 |   -15
538 |     6 |    10
53A |    -3 |     6
53C |     7 |     0
53E |    -3 |     2
540 |     8 |     1
542 |     2 |     3
544 |     1 |    -8
546 |    -1 |     1
548 |     3 |     7
54A |     0 |     0
54C |     0 |    -1
54E |     3 |    -4
550 |     0 |     5
552 |    -2 |     6
554 |     7 |     1
556 |     1 |    -1
558 |    -9 |    -5
55A |     8 |    11
55C |     8 |     9
55E |    -6 |     7
560 |     2 |   -11
562 |     7 |    -4
564 |    -6 |     9
566 |     0 |     7
568 |     4 |    -8
56A |     7 |     3
56C |    -5 |     0
56E |     1 |     1
570 |    -3 |     1
572 |    -3 |     4
574 |    -1 |     5
576 |     1 |     1
578 |     3 |     1
57A |     2 |     0
57C |     1 |    -1
57E |    -2 |    -3
580 |     0 |    -3
582 |     0 |     2
584 |     1 |     4
586 |     0 |     3
588 |     8 |     1
58A |     4 |     1
58C |     0 |     0
58E |     5 |    -2
590 |     0 |     0
592 |     4 |     1
594 |     2 |     1
596 |     1 |    -1
598 |     0 |     4
59A |     5 |     2
59C |    -3 |     3
59E |    -1 |     2
5A0 |    -3 |     0
5A2 |     1 |     7
5A4 |     2 |     2
5A6 |     1 |     1
5A8 |    -2 |    -6
5AA |    -1 |     7
5AC |     2 |     0
5AE |     1 |    -5
5B0 |    -4 |     2
5B2 |    -1 |    -1
5B4 |     0 |     0
5B6 |    -7 |     3
5B8 |     2 |     0
5BA |    -1 |     0
5BC |     0 |     8
5BE |    -6 |    -7
5C0 |     3 |     9
5C2 |     2 |    -2
5C4 |    -2 |     0
5C6 |     5 |     7
5C8 |     3 |     4
5CA |     6 |     5
5CC |     8 |     3
5CE |     8 |     2
5D0 |     1 |     1
5D2 |     0 |    -3
5D4 |     1 |     0
5D6 |     4 |     3
5D8 |     2 |    -2
5DA |    -1 |    -2
5DC |     3 |     0
5DE |     4 |     0
5E0 |     8 |     1
5E2 |     1 |     5
5E4 |    -5 |    -1
5E6 |     1 |     1
5E8 |    -4 |    -1
5EA |     2 |     2
5EC |    -1 |     2
5EE |    -1 |     2
5F0 |    -1 |     4
5F2 |     3 |     1
5F4 |     4 |    -3
5F6 |     6 |    -5
5F8 |     5 |     7
5FA |   -12 |    12
5FC |     7 |    -5
5FE |    -1 |     9
600 |     9 |    -1
602 |    11 |     7
604 |     0 |     3
606 |    -6 |    -4
608 |    -3 |    -3
60A |    -6 |    -5
60C |    -6 |     8
60E |     2 |     6
610 |     1 |    -6
612 |    -1 |    -7
614 |     3 |    -2
616 |     1 |    -5
618 |     3 |    10
61A |     4 |     2
61C |    -4 |     7
61E |    -4 |     7
620 |    -3 |     5
622 |     1 |    -3
624 |    -2 |     8
626 |     7 |    -4
628 |    -7 |     7
62A |    10 |     7
62C |    -1 |     4
62E |     9 |   -10
630 |     7 |    -6
632 |     3 |    -1
634 |     1 |     4
636 |    -1 |    -1
638 |     4 |   -13
63A |     7 |     1
63C |    14 |     9
63E |    -8 |    -8
640 |    -5 |     7
642 |    13 |     9
644 |    -5 |     9
646 |    -9 |    -4
648 |     7 |     7
64A |     9 |    -9
64C |     6 |     8
64E |     4 |    -1
650 |    -3 |     4
652 |    -3 |     8
654 |     4 |     2
656 |    -9 |    -4
658 |     5 |     9
65A |    -5 |     1
65C |     5 |     1
65E |    -8 |    -6
660 |     2 |    -4
662 |     0 |     2
664 |     3 |    -1
666 |     1 |     1
668 |     0 |    -6
66A |     8 |    -4
66C |    14 |     7
66E |     3 |     1
670 |     8 |     0
672 |     1 |    -1
674 |     0 |    -6
676 |     2 |    -2
678 |     1 |    -1
67A |     1 |    -6
67C |    -1 |     3
67E |    -3 |    -3
680 |    -6 |    10
682 |     9 |    -5
684 |    -6 |   -12
686 |     6 |     0
688 |    11 |    -3
68A |    -4 |    -4
68C |     6 |    -6
68E |     6 |     4
690 |    -2 |    -2
692 |     8 |    -3
694 |    -5 |     6
696 |     7 |    -1
698 |    -4 |     6
69A |    -6 |    -3
69C |    -6 |     7
69E |    -5 |    -3
6A0 |     1 |    -2
6A2 |    -4 |    -8
6A4 |     6 |    -6
6A6 |    -4 |    -1
6A8 |     9 |    -2
6AA |     9 |     5
6AC |     4 |     3
6AE |    -6 |    -5
6B0 |    -5 |     7
6B2 |     4 |    -8
6B4 |    -5 |     5
6B6 |    -2 |     7
6B8 |     7 |     1
6BA |     0 |     5
6BC |    -1 |     1
6BE |    10 |    -2
6C0 |     0 |    -2
6C2 |   -13 |    11
6C4 |    14 |    -4
6C6 |    12 |    -7
6C8 |    -4 |     0
6CA |    -4 |     5
6CC |   -11 |     1
6CE |     3 |     0
6D0 |    -2 |    -5
6D2 |     0 |    -1
6D4 |     5 |     6
6D6 |    -2 |     2
6D8 |     2 |     0
6DA |     0 |    -2
6DC |     3 |     2
6DE |    -3 |     5
6E0 |     1 |     3
6E2 |     5 |     3
6E4 |     0 |     0
6E6 |     1 |     5
6E8 |     2 |     0
6EA |    -5 |    -2
6EC |    -1 |    -4
6EE |     2 |     9
6F0 |     3 |    -7
6F2 |    -2 |     1
6F4 |    -3 |    -5
6F6 |     2 |     0
6F8 |     0 |     1
6FA |     0 |    -1
6FC |     2 |     1
6FE |    -1 |     0
700 |     0 |     0
702 |     6 |    -5
704 |     2 |     1
706 |    -2 |     1
708 |     5 |     9
70A |     1 |    -5
70C |     1 |     9
70E |    -9 |    -3
710 |   -10 |   -10
712 |    14 |    -9
714 |    14 |   -16
716 |    20 |   -16
718 |    14 |   -10
71A |   -19 |    11
71C |   -13 |    12
71E |    -7 |    -7
720 |    -6 |     6
722 |    13 |     6
724 |     5 |    -7
726 |    -7 |    -1
728 |    -5 |    -6
72A |    -2 |     9
72C |    -9 |     1
72E |     0 |   -10
730 |     1 |    -6
732 |     3 |     1
734 |     1 |     5
736 |     7 |     1
738 |     0 |     3
73A |     1 |    -1
73C |     1 |     1
73E |    -6 |    -6
740 |     1 |     6
742 |     0 |    -2
744 |     7 |     0
746 |    -3 |    -3
748 |     1 |    -6
74A |    -1 |     1
74C |     1 |    -1
74E |     1 |     0
750 |    -4 |    -3
752 |     1 |     1
754 |    -4 |     1
756 |     1 |     1
758 |     5 |     5
75A |     0 |     6
75C |    -1 |    -1
75E |     2 |     3
760 |     0 |     3
762 |     7 |     2
764 |     1 |    -5
766 |    -1 |     2
768 |     1 |     5
76A |    -1 |    -2
76C |     0 |    -4
76E |     0 |     3
770 |     0 |    -1
772 |     0 |    -3
774 |    -6 |     0
776 |     2 |    -2
778 |     1 |    -6
77A |     3 |    -1
77C |     3 |    -2
77E |     3 |    -3
780 |    10 |     3
782 |    -4 |    -3
784 |    -2 |    -3
786 |    -6 |    -9
788 |    10 |    -1
78A |    13 |     7
78C |     8 |     4
78E |    -1 |    -1
790 |    -5 |     4
792 |     2 |     0
794 |     3 |    -5
796 |     0 |    -4
798 |     1 |    -1
79A |     4 |     0
79C |     8 |    -8
79E |    -4 |     4
7A0 |     0 |     1
7A2 |     0 |     0
7A4 |     1 |     0
7A6 |    -2 |     3
7A8 |     1 |    -3
7AA |     1 |     5
7AC |     2 |     0
7AE |    -1 |     0
7B0 |    -4 |     9
7B2 |     1 |     5
7B4 |     8 |     2
7B6 |    -5 |    -2
7B8 |     1 |    -7
7BA |     7 |     4
7BC |    -1 |     3
7BE |     7 |     0
7C0 |     3 |     7
7C2 |     7 |     0
7C4 |    -2 |     3
7C6 |     3 |     1
7C8 |     2 |     6
7CA |     0 |     0
7CC |     5 |     2
7CE |     1 |     0
7D0 |     5 |     2
7D2 |     0 |    -6
7D4 |     1 |     0
7D6 |     4 |    -3
7D8 |     0 |    10
7DA |     0 |     5
7DC |    12 |     1
7DE |    -4 |    -4
7E0 |    -2 |     7
7E2 |    -6 |     3
7E4 |     1 |     9
7E6 |    -8 |    -4
7E8 |     2 |    10
7EA |    -1 |     0
7EC |    -3 |     1
7EE |     1 |     1
7F0 |     1 |     1
7F2 |     1 |     2
7F4 |     2 |     1
7F6 |     0 |    -2
7F8 |     4 |     4
7FA |     4 |     2
7FC |     0 |     4
7FE |     0 |     2
800 |     6 |    -6
802 |    -1 |     1
804 |     0 |     7
806 |     1 |     3
808 |     1 |    10
80A |     6 |     2
80C |    -1 |    -6
80E |     1 |     3
810 |     1 |     7
812 |    -1 |    -2
814 |    -2 |     3
816 |    -9 |   -10
818 |   -10 |    -8
81A |    -6 |    -8
81C |    13 |    -9
81E |    13 |   -11
820 |    -6 |   -11
822 |    -6 |    -8
824 |   -12 |   -12
826 |    11 |     0
828 |     8 |    -3
82A |     0 |    -3
82C |     1 |    -7
82E |    -2 |    -2
830 |     2 |     5
832 |    -4 |     0
834 |    -1 |     1
836 |    -2 |     0
838 |     1 |     3
83A |     1 |     0
83C |     2 |    -2
83E |    -1 |     3
840 |     2 |     1
842 |     3 |     3
844 |    -4 |     2
846 |     1 |    10
848 |     0 |     1
84A |     3 |     2
84C |     6 |     1
84E |     5 |    -1
850 |    -2 |     0
852 |     7 |     5
854 |     2 |    -6
856 |     8 |     1
858 |    -2 |    -2
85A |    -4 |    -5
85C |     9 |     9
85E |    11 |    -8
860 |     1 |    -5
862 |    -3 |    -4
864 |     8 |    10
866 |    11 |    15
868 |    14 |   -10
86A |   -12 |   -12
86C |    -9 |   -11
86E |    16 |    16
870 |   -14 |   -19
872 |   -12 |   -12
874 |   -12 |   -12
876 |    10 |   -10
878 |    -3 |     9
87A |     4 |    12
87C |     5 |     0
87E |    -4 |     1
880 |    -1 |     3
882 |     5 |     3
884 |    -2 |     2
886 |    -2 |     1
888 |     4 |    -2
88A |     2 |     0
88C |     1 |     6
88E |     2 |     6
890 |     1 |    -2
892 |     1 |     1
894 |     0 |    12
896 |    -8 |     2
898 |    -4 |     3
89A |     4 |    11
89C |     0 |     1
89E |    -6 |     1
8A0 |     5 |     0
8A2 |     2 |     0
8A4 |    -8 |     0
8A6 |    -4 |    -2
8A8 |     1 |     0
8AA |    -5 |    -3
8AC |     2 |     1
8AE |     5 |     0
8B0 |     0 |     0
8B2 |     1 |     4
8B4 |     0 |    -1
8B6 |    -3 |     1
8B8 |     4 |     0
8BA |     3 |     0
8BC |     4 |     5
8BE |     2 |    -1
8C0 |    -1 |    -3
8C2 |     4 |     3
8C4 |    -2 |     0
8C6 |     0 |     6
8C8 |     1 |     0
8CA |     0 |     4
8CC |    -4 |    -6
8CE |     2 |     4
8D0 |     7 |    -5
8D2 |    -1 |     3
8D4 |     1 |    -3
8D6 |     2 |     1
8D8 |    -4 |     5
8DA |     7 |    -8
8DC |     7 |     0
8DE |    14 |    -6
8E0 |    10 |     9
8E2 |     4 |    -6
8E4 |   -13 |    12
8E6 |    -6 |    14
8E8 |    -4 |   -13
8EA |    -3 |     3
8EC |     0 |     1
8EE |     1 |     1
8F0 |    12 |     9
8F2 |     5 |    -1
8F4 |   -12 |     2
8F6 |    14 |     2
8F8 |     3 |    11
8FA |     7 |    -5
8FC |     1 |     3
8FE |     8 |    -6
900 |     3 |     2
902 |    -2 |     0
904 |    -8 |    10
906 |     9 |     7
908 |    -5 |    -6
90A |     9 |    -3
90C |     7 |    -3
90E |     7 |     7
910 |     7 |     3
912 |    -5 |     8
914 |    -5 |     0
916 |     5 |     5
918 |     5 |     0
91A |    -5 |     2
91C |    -3 |     0
91E |     0 |     4
920 |     1 |     3
922 |     8 |    -3
924 |     1 |    12
926 |     4 |    -2
928 |    -3 |     3
92A |     2 |    -1
92C |     5 |     5
92E |    -3 |     3
930 |     7 |    -1
932 |     0 |     0
934 |     6 |     0
936 |    -2 |     6
938 |     1 |     1
93A |    -2 |     7
93C |     8 |    -6
93E |     4 |    12
940 |    -6 |    10
942 |    11 |    11
944 |     7 |    -7
946 |    -3 |    -3
948 |    -7 |    -6
94A |    -5 |    -9
94C |    11 |   -11
94E |     3 |    -5
950 |    -1 |     1
952 |    -8 |     0
954 |     8 |    10
956 |    -2 |     1
958 |     4 |     8
95A |    -1 |     6
95C |    10 |    -5
95E |     7 |     8
960 |    -4 |    -6
962 |   -10 |     6
964 |    -2 |    14
966 |    -7 |    11
968 |    13 |    -3
96A |    -7 |     8
96C |    -7 |   -12
96E |     6 |    -4
970 |    -8 |     7
972 |   -10 |     1
974 |   -12 |   -12
976 |     7 |    13
978 |     7 |    -8
97A |     7 |     9
97C |     5 |     9
97E |     7 |    -3
980 |     0 |     7
982 |     6 |    14
984 |     3 |    -1
986 |     3 |     6
988 |     5 |     5
98A |    -3 |    -4
98C |    -4 |     9
98E |     7 |    -2
990 |     4 |    10
992 |     7 |    -5
994 |    -7 |    10
996 |     7 |     5
998 |   -10 |     9
99A |     2 |    -6
99C |     0 |     3
99E |    12 |    -3
9A0 |    -8 |     6
9A2 |     3 |     8
9A4 |    -2 |     5
9A6 |    -6 |    -9
9A8 |   -12 |    13
9AA |   -12 |    18
9AC |    16 |   -17
9AE |    22 |    14
9B0 |    26 |    15
9B2 |    14 |    20
9B4 |   -12 |   -13
9B6 |    12 |   -14
9B8 |    15 |    18
9BA |    13 |    14
9BC |    -6 |     9
9BE |    -5 |     5
9C0 |     7 |     4
9C2 |     2 |    -6
9C4 |     4 |    10
9C6 |    -3 |     1
9C8 |     6 |     1
9CA |    -7 |    -6
9CC |    -6 |     1
9CE |    -4 |    -6
9D0 |    10 |    -6
9D2 |    11 |    -4
9D4 |    -7 |    -6
9D6 |    -6 |    -6
9D8 |    12 |     9
9DA |     8 |    13
9DC |    12 |    -9
9DE |   -12 |    11
9E0 |   -17 |    11
9E2 |   -12 |     8
9E4 |    13 |    14
9E6 |    15 |   -17
9E8 |   -17 |    19
9EA |    24 |    15
9EC |    20 |   -19
9EE |    13 |     7
9F0 |   -12 |     0
9F2 |    -6 |     3
9F4 |     1 |    15
9F6 |     1 |     7
9F8 |    -2 |    -7
9FA |    -6 |    -9
9FC |     0 |    -3
9FE |    -5 |     6
A00 |     0 |    -6
A02 |     2 |    -1
A04 |     8 |     6
A06 |    -1 |     9
A08 |     1 |     4
A0A |    -6 |     1
A0C |    -6 |     1
A0E |     4 |     2
A10 |     1 |     0
A12 |    -2 |     4
A14 |     0 |    -5
A16 |     1 |     0
A18 |     1 |     0
A1A |     1 |     0
A1C |     0 |     2
A1E |     0 |     2
A20 |     5 |     6
A22 |     8 |    11
A24 |     9 |    -6
A26 |    10 |    -5
A28 |    -6 |    -7
A2A |     8 |    -6
A2C |    -8 |     7
A2E |     8 |    11
A30 |    -6 |    -6
A32 |    -1 |    -6
A34 |    10 |    -8
A36 |    -6 |     7
A38 |    -7 |    -6
A3A |    13 |    -4
A3C |     5 |    -2
A3E |     0 |     0
A40 |    -5 |     0
A42 |     7 |    -3
A44 |    -2 |     1
A46 |    -3 |     1
A48 |     3 |    -1
A4A |     3 |     4
A4C |     0 |    -1
A4E |    -1 |     1
A50 |     0 |     1
A52 |     1 |     0
A54 |     0 |    -2
A56 |     4 |    -1
A58 |     2 |    -2
A5A |     2 |     3
A5C |    -3 |     0
A5E |    -1 |     1
A60 |     4 |     2
A62 |     2 |     3
A64 |     1 |     2
A66 |     0 |     5
A68 |    -1 |     1
A6A |     7 |     1
A6C |    -4 |    -3
A6E |     4 |    -1
A70 |    -1 |    -4
A72 |     0 |     1
A74 |    -8 |     1
A76 |    -2 |    -4
A78 |     0 |    -1
A7A |     6 |    -8
A7C |     7 |    -3
A7E |     0 |    -6
A80 |    -1 |    -1
A82 |     6 |     7
A84 |     7 |     7
A86 |    -6 |     4
A88 |    -9 |     4
A8A |     3 |    -3
A8C |     4 |     0
A8E |     5 |    -6
A90 |    -2 |     3
A92 |     5 |     7
A94 |     7 |     5
A96 |    14 |     5
A98 |     9 |   -11
A9A |     5 |     7
A9C |     7 |     7
A9E |    -4 |    -5
AA0 |    -6 |    -6
AA2 |    -4 |    14
AA4 |    -4 |    -1
AA6 |    13 |    -7
AA8 |    14 |   -12
AAA |    -9 |   -11
AAC |    -2 |     7
AAE |    -5 |    -1
AB0 |     7 |    -7
AB2 |    -6 |    -7
AB4 |     7 |     3
AB6 |     1 |     1
AB8 |     5 |     0
ABA |     3 |     0
ABC |     3 |     7
ABE |     0 |     0
AC0 |     1 |     1
AC2 |     1 |     0
AC4 |    -3 |    -3
AC6 |     4 |    -4
AC8 |     4 |     5
ACA |     1 |    -1
ACC |    -1 |    -1
ACE |     5 |     8
AD0 |     1 |    -4
AD2 |    -6 |    -6
AD4 |    -5 |     9
AD6 |     9 |     7
AD8 |    11 |    -6
ADA |    -2 |    10
ADC |    -4 |    11
ADE |    -8 |     7
AE0 |   -10 |    -3
AE2 |   -13 |     0
AE4 |     1 |    -3
AE6 |     6 |    -6
AE8 |     9 |     7
AEA |    -7 |    13
AEC |    15 |    -7
AEE |    -4 |     9
AF0 |    -3 |     6
AF2 |    -9 |     4
AF4 |     6 |    -2
AF6 |     7 |    -2
AF8 |     8 |     4
AFA |     1 |     7
AFC |    -4 |     5
AFE |    -5 |    -2
B00 |     7 |    -4
B02 |     1 |    -3
B04 |    -8 |     1
B06 |     1 |    11
B08 |     0 |     6
B0A |    -1 |     0
B0C |     1 |     2
B0E |     0 |    -6
B10 |    -4 |     6
B12 |     5 |    -5
B14 |     7 |     6
B16 |    10 |    10
B18 |     8 |   -11
B1A |    -9 |    10
B1C |     7 |    -6
B1E |    14 |     6
B20 |    -5 |     8
B22 |     9 |    -3
B24 |    -6 |     7
B26 |     3 |     7
B28 |     0 |   -10
B2A |     8 |    -3
B2C |     4 |    -5
B2E |     0 |     6
B30 |     0 |     5
B32 |     3 |    -2
B34 |     8 |     0
B36 |     6 |     2
B38 |     3 |     1
B3A |     1 |     3
B3C |     0 |     1
B3E |    -1 |     0
B40 |    -4 |     5
B42 |     7 |    10
B44 |    10 |    10
B46 |     6 |     9
B48 |    -3 |    10
B4A |   -12 |     4
B4C |   -10 |    12
B4E |     2 |    13
B50 |     0 |     9
B52 |     1 |     1
B54 |    11 |    13
B56 |     1 |    -9
B58 |     8 |     8
B5A |     8 |    14
B5C |     6 |   -12
B5E |     6 |    12
B60 |    12 |     8
B62 |    -1 |    -4
B64 |     9 |    -4
B66 |    -6 |    -5
B68 |    -5 |    -3
B6A |    -8 |     3
B6C |     4 |    -3
B6E |     5 |     9
B70 |     1 |     4
B72 |     0 |     5
B74 |     4 |    -2
B76 |    -1 |     1
B78 |    -1 |     1
B7A |     0 |     0
B7C |     1 |     2
B7E |     8 |     2
B80 |    -1 |    -6
B82 |    -6 |    -2
B84 |    -5 |     0
B86 |    -1 |    -6
B88 |     4 |    -3
B8A |     6 |     4
B8C |     0 |     7
B8E |     0 |     2
B90 |   -12 |    -4
B92 |     6 |    -7
B94 |    10 |    -8
B96 |   -13 |    11
B98 |    -7 |    -2
B9A |    14 |    -7
B9C |    -9 |     9
B9E |   -10 |   -10
BA0 |    -7 |    14
BA2 |     7 |    -5
BA4 |     8 |     3
BA6 |     7 |    11
BA8 |     3 |     7
BAA |    14 |     7
BAC |    -6 |     9
BAE |    -4 |    -7
BB0 |     0 |    -4
BB2 |    -1 |    -2
BB4 |     1 |     6
BB6 |     3 |     1
BB8 |     3 |    -2
BBA |     1 |    -2
BBC |     1 |     0
BBE |     2 |     6
BC0 |    -4 |    -2
BC2 |    10 |    -1
BC4 |     7 |     7
BC6 |     6 |     0
BC8 |     0 |     5
BCA |    -3 |    -2
BCC |     0 |    -5
BCE |    -4 |    -2
BD0 |     0 |     4
BD2 |    -3 |     7
BD4 |    -4 |    -8
BD6 |    12 |    -8
BD8 |   -14 |    -7
BDA |     8 |    -6
BDC |    11 |     9
BDE |    -1 |    -7
BE0 |    -4 |    -4
BE2 |    -4 |    -3
BE4 |    -5 |     0
BE6 |     5 |    -8
BE8 |    -2 |     7
BEA |    -8 |    -8
BEC |    -6 |     5
BEE |   -12 |    -6
BF0 |    -2 |    -4
BF2 |     0 |    -9
BF4 |   -10 |    -4
BF6 |    -5 |     6
BF8 |    -6 |     8
BFA |     0 |    -8
BFC |     7 |    14
BFE |     7 |    13
