ROW | DATA_1 | DATA_2
---------------------
000 |    -9 |    14
001 |     1 |    14
002 |    -2 |   -11
003 |   -10 |   -14
004 |    11 |    -9
005 |   -15 |    -5
006 |    -3 |    -3
007 |   -15 |    -8
008 |    10 |    11
009 |    12 |    11
00A |   -16 |    -7
00B |    11 |     4
00C |     1 |   -11
00D |    -3 |     9
00E |   -10 |     1
00F |     8 |   -16
010 |     6 |    -9
011 |     0 |    -7
012 |    13 |   -10
013 |     8 |   -10
014 |     2 |     6
015 |    -4 |     0
016 |   -14 |    15
017 |     2 |   -14
018 |    -2 |     1
019 |     8 |    -7
01A |    13 |   -14
01B |    -6 |     5
01C |     6 |   -13
01D |     1 |     1
01E |    -6 |   -15
01F |    -6 |     3
020 |     8 |     1
021 |    -2 |   -10
022 |   -13 |    -8
023 |   -14 |    12
024 |     9 |     1
025 |   -12 |   -11
026 |     4 |    12
027 |    15 |    10
028 |    13 |     7
029 |     0 |    -6
02A |    -1 |     3
02B |    11 |    -8
02C |     7 |    -5
02D |    -8 |    -4
02E |   -11 |    -1
02F |    -9 |    13
030 |    -6 |     7
031 |   -12 |     1
032 |     8 |    13
033 |     0 |    -9
034 |    -9 |    -1
035 |     5 |    15
036 |     2 |    -5
037 |    -6 |     6
038 |   -16 |    -6
039 |    -5 |   -11
03A |     3 |   -15
03B |    -7 |   -13
03C |    -6 |    -3
03D |     4 |    -2
03E |   -15 |     1
03F |     7 |   -15
040 |    -1 |    14
041 |    -1 |    -5
042 |   -11 |    -2
043 |   -12 |     3
044 |    -8 |    11
045 |    -6 |     6
046 |    11 |     0
047 |    -4 |    13
048 |     9 |     9
049 |    12 |   -16
04A |    -9 |     2
04B |    -2 |   -10
04C |     5 |   -12
04D |    -2 |     1
04E |   -16 |     1
04F |   -13 |     3
050 |   -12 |    -7
051 |     5 |   -13
052 |    -1 |     4
053 |    15 |   -15
054 |    -8 |     2
055 |    -1 |    10
056 |    10 |     8
057 |   -10 |    -4
058 |    11 |    -2
059 |    11 |     6
05A |    13 |    -6
05B |   -10 |     2
05C |     9 |    14
05D |   -10 |     0
05E |    -4 |     5
05F |    12 |    -2
060 |    11 |    -2
061 |     1 |    10
062 |    -1 |     7
063 |    12 |     2
064 |   -13 |    -9
065 |   -11 |   -13
066 |    -6 |    14
067 |    15 |    -9
068 |    -3 |     3
069 |   -13 |   -13
06A |     8 |    -8
06B |     8 |     5
06C |    13 |    13
06D |    11 |     4
06E |    -7 |   -11
06F |     2 |     5
070 |   -13 |     4
071 |     4 |   -16
072 |   -13 |     1
073 |    -6 |    -6
074 |   -11 |    15
075 |   -12 |    -8
076 |    -1 |    11
077 |    -9 |    11
078 |   -14 |     8
079 |    10 |   -14
07A |     0 |     7
07B |     4 |     4
07C |     0 |   -15
07D |    -8 |    -1
07E |    13 |     6
07F |   -12 |    -8
080 |    13 |     8
081 |   -12 |    -6
082 |     0 |   -14
083 |     6 |     2
084 |    -1 |     5
085 |     2 |    -8
086 |    12 |    15
087 |   -16 |    -4
088 |   -10 |     9
089 |     0 |    -2
08A |   -10 |    -8
08B |     1 |   -15
08C |    -3 |    -9
08D |    -3 |   -14
08E |    15 |     0
08F |   -13 |   -13
090 |    11 |   -15
091 |   -14 |    -9
092 |     5 |    12
093 |     0 |    -9
094 |    12 |    14
095 |   -16 |    -3
096 |   -12 |     3
097 |   -14 |   -10
098 |    -7 |    -8
099 |    -8 |   -10
09A |     3 |     2
09B |   -14 |   -10
09C |    -3 |    -4
09D |   -10 |     0
09E |    10 |     6
09F |    -1 |     2
0A0 |    -5 |   -14
0A1 |   -15 |    -3
0A2 |     5 |     5
0A3 |    -1 |   -16
0A4 |    -6 |   -11
0A5 |     8 |    15
0A6 |    14 |   -11
0A7 |    -4 |   -10
0A8 |     6 |    -2
0A9 |    -2 |     2
0AA |   -15 |    13
0AB |     9 |   -10
0AC |     1 |   -14
0AD |     1 |     7
0AE |     9 |    11
0AF |   -15 |   -10
0B0 |     0 |   -16
0B1 |     0 |    -6
0B2 |   -10 |     6
0B3 |     6 |     1
0B4 |    11 |     7
0B5 |     8 |    -5
0B6 |     0 |     9
0B7 |    11 |    13
0B8 |    -4 |     8
0B9 |    11 |    10
0BA |     5 |    -9
0BB |    -9 |   -13
0BC |     3 |   -10
0BD |     4 |    14
0BE |     2 |    -5
0BF |    -4 |     6
0C0 |     8 |    -8
0C1 |     3 |    15
0C2 |   -16 |    10
0C3 |     2 |   -14
0C4 |    11 |     0
0C5 |    13 |   -16
0C6 |    12 |     5
0C7 |    14 |    11
0C8 |   -11 |    14
0C9 |     5 |     8
0CA |    -1 |   -13
0CB |    -2 |    -6
0CC |    -7 |    15
0CD |   -14 |   -12
0CE |    14 |     4
0CF |    13 |     5
0D0 |    -4 |   -13
0D1 |    15 |     8
0D2 |    -1 |    -1
0D3 |   -16 |    13
0D4 |    11 |    12
0D5 |    -5 |    15
0D6 |   -13 |     4
0D7 |    -9 |    15
0D8 |    -8 |   -10
0D9 |     4 |    10
0DA |    11 |   -16
0DB |    -6 |     3
0DC |    12 |    13
0DD |    -1 |     7
0DE |    15 |    -2
0DF |     1 |     5
0E0 |   -12 |     7
0E1 |    -1 |    -9
0E2 |     5 |    -2
0E3 |   -11 |     5
0E4 |    -7 |     2
0E5 |     8 |   -10
0E6 |    -3 |    -6
0E7 |    10 |    -8
0E8 |     5 |   -10
0E9 |    10 |    -4
0EA |    -3 |    -9
0EB |     8 |    -3
0EC |     8 |    -4
0ED |   -16 |   -10
0EE |     3 |   -14
0EF |    10 |    12
0F0 |    15 |    -8
0F1 |     1 |   -16
0F2 |    15 |    11
0F3 |     8 |    -5
0F4 |     9 |    -8
0F5 |    13 |     8
0F6 |   -15 |     8
0F7 |   -15 |    -1
0F8 |    11 |     9
0F9 |    13 |     2
0FA |   -13 |    -8
0FB |     8 |    10
0FC |    -3 |     4
0FD |     4 |    -4
0FE |     8 |     2
0FF |    10 |    -8
100 |   -11 |     4
101 |   -15 |     6
102 |     6 |    10
103 |   -12 |    11
104 |   -15 |   -10
105 |    -4 |     8
106 |    -7 |   -13
107 |    -8 |    -4
108 |    -9 |    -6
109 |    13 |     0
10A |     7 |   -13
10B |    -9 |    -3
10C |     3 |     6
10D |   -15 |   -10
10E |     8 |     8
10F |    -4 |     2
110 |    -1 |     8
111 |     3 |    10
112 |   -14 |   -13
113 |    11 |     0
114 |   -12 |    12
115 |   -16 |     7
116 |    15 |    -4
117 |    11 |    12
118 |    13 |   -12
119 |    11 |    -5
11A |     1 |     8
11B |    13 |    11
11C |     1 |     0
11D |    -1 |    -6
11E |     1 |   -16
11F |    -1 |    13
120 |     8 |   -14
121 |   -15 |     4
122 |     4 |     3
123 |    15 |     6
124 |     6 |     4
125 |     5 |    -5
126 |     1 |    -6
127 |    -4 |     9
128 |    -1 |     6
129 |    15 |    -3
12A |    14 |     5
12B |    12 |     2
12C |   -11 |    14
12D |    -2 |    -9
12E |    -1 |    12
12F |     7 |    -1
130 |     6 |     4
131 |     5 |    -9
132 |    13 |     0
133 |     3 |   -15
134 |    -2 |    12
135 |    -4 |   -14
136 |    -9 |    -4
137 |    -4 |   -11
138 |    14 |    -6
139 |     2 |   -12
13A |    -4 |    -3
13B |    -2 |   -10
13C |    -5 |    11
13D |   -16 |    -7
13E |     1 |    13
13F |   -13 |   -14
140 |    -8 |   -12
141 |   -10 |    -5
142 |     2 |   -12
143 |    14 |     0
144 |     5 |     8
145 |   -13 |     9
146 |    14 |     4
147 |   -12 |     8
148 |    15 |   -16
149 |   -13 |   -14
14A |    -7 |     6
14B |   -11 |     2
14C |    -9 |   -11
14D |    -2 |    12
14E |    12 |     9
14F |     3 |    14
150 |     3 |    -2
151 |   -10 |     9
152 |    -3 |    -7
153 |   -11 |     7
154 |    -1 |    -7
155 |   -12 |   -14
156 |   -16 |     9
157 |    12 |     3
158 |     2 |     6
159 |    -2 |    10
15A |     2 |    -6
15B |   -12 |    -2
15C |     0 |    -4
15D |    11 |    -5
15E |    -2 |    13
15F |     1 |     2
160 |   -12 |     0
161 |    -6 |    -4
162 |     2 |     5
163 |    -9 |    -8
164 |     3 |   -10
165 |     1 |   -12
166 |    12 |     4
167 |   -14 |    12
168 |     4 |     3
169 |   -15 |     7
16A |    -2 |    11
16B |     1 |   -16
16C |    -5 |    -1
16D |    12 |    11
16E |    -5 |     7
16F |    15 |     5
170 |    14 |    13
171 |    10 |     6
172 |     4 |    15
173 |    -6 |    -5
174 |    10 |     1
175 |     2 |    -4
176 |   -14 |   -12
177 |   -11 |   -15
178 |     0 |     9
179 |    -9 |   -14
17A |   -16 |    14
17B |    10 |     7
17C |    -4 |    -2
17D |    15 |    -8
17E |   -13 |   -11
17F |     1 |     7
180 |     2 |    -1
181 |    15 |    -8
182 |   -15 |    -6
183 |    -6 |    -7
184 |   -16 |     6
185 |   -11 |    -2
186 |    -9 |    -2
187 |    -9 |     0
188 |    15 |    -2
189 |     1 |    -3
18A |    14 |     8
18B |    -1 |    13
18C |    -7 |   -14
18D |    -4 |   -10
18E |   -12 |     0
18F |    10 |     8
190 |     1 |     7
191 |     2 |     0
192 |    15 |    -2
193 |    12 |     6
194 |     6 |    15
195 |     8 |   -16
196 |     4 |    12
197 |    -1 |    -2
198 |    -2 |     1
199 |   -14 |    -7
19A |    14 |    -6
19B |     8 |    -9
19C |    15 |    10
19D |    -8 |    -9
19E |   -10 |    14
19F |   -10 |    -3
1A0 |   -16 |    10
1A1 |    10 |    -1
1A2 |   -12 |    -8
1A3 |     0 |    -8
1A4 |     9 |    -7
1A5 |     5 |    -6
1A6 |     4 |    -5
1A7 |   -14 |   -15
1A8 |    -1 |   -11
1A9 |    -2 |    12
1AA |    11 |    14
1AB |   -10 |    -2
1AC |    -6 |    -7
1AD |   -15 |     0
1AE |     4 |     5
1AF |     2 |   -12
1B0 |     7 |     8
1B1 |    -7 |    -8
1B2 |    10 |   -15
1B3 |    -6 |    10
1B4 |   -11 |   -10
1B5 |    -1 |    14
1B6 |    -7 |    -9
1B7 |    13 |    14
1B8 |    13 |   -16
1B9 |   -16 |    10
1BA |     2 |   -14
1BB |   -12 |    -2
1BC |     6 |     8
1BD |    11 |   -10
1BE |    13 |    -8
1BF |    -4 |    14
1C0 |    14 |   -11
1C1 |    -1 |    10
1C2 |     6 |    -4
1C3 |     2 |   -16
1C4 |     9 |   -16
1C5 |   -16 |    -3
1C6 |    15 |    10
1C7 |    -2 |   -10
1C8 |    -2 |    11
1C9 |     0 |     0
1CA |   -10 |     7
1CB |     3 |     9
1CC |   -14 |    10
1CD |    -8 |    -5
1CE |     2 |    14
1CF |    10 |     3
1D0 |    -4 |     9
1D1 |     7 |    -9
1D2 |    -6 |    12
1D3 |    14 |   -10
1D4 |     5 |     9
1D5 |    13 |   -13
1D6 |    -7 |     8
1D7 |     9 |   -11
1D8 |   -11 |    14
1D9 |   -16 |   -11
1DA |    -9 |     0
1DB |     7 |     7
1DC |     8 |   -14
1DD |   -10 |     9
1DE |    14 |   -13
1DF |     4 |    15
1E0 |   -12 |   -16
1E1 |     3 |     2
1E2 |    -9 |   -14
1E3 |   -14 |    -6
1E4 |     3 |     7
1E5 |    -9 |   -16
1E6 |    -1 |   -11
1E7 |     8 |     9
1E8 |     7 |     9
1E9 |    -7 |    -4
1EA |   -10 |   -12
1EB |    10 |     2
1EC |   -14 |     6
1ED |    -3 |    -2
1EE |    12 |    13
1EF |     7 |   -16
1F0 |     7 |    -5
1F1 |   -13 |   -10
1F2 |     1 |     2
1F3 |    -9 |    -9
1F4 |   -11 |     0
1F5 |   -15 |     8
1F6 |     5 |    -1
1F7 |    -8 |    13
1F8 |   -12 |   -15
1F9 |    -3 |    -9
1FA |     5 |   -12
1FB |   -16 |    -2
1FC |    -7 |     4
1FD |     0 |     6
1FE |    -9 |     0
1FF |    -8 |     2
200 |     6 |     9
201 |     4 |   -12
202 |    -5 |    14
203 |   -13 |     6
204 |    10 |     1
205 |   -12 |    -4
206 |    12 |    -4
207 |   -10 |    -1
208 |    -2 |    -3
209 |     3 |    -4
20A |   -15 |     6
20B |    14 |   -10
20C |    11 |   -11
20D |    15 |   -16
20E |   -12 |    14
20F |     4 |     4
210 |   -12 |     1
211 |     1 |    -5
212 |     8 |     9
213 |    13 |    -8
214 |   -10 |    11
215 |    -3 |   -14
216 |    12 |     9
217 |    10 |    13
218 |    13 |    13
219 |    10 |   -16
21A |     4 |    -3
21B |     4 |   -10
21C |     7 |     7
21D |    14 |    -5
21E |   -11 |    -1
21F |   -11 |    14
220 |   -10 |     7
221 |    -8 |    15
222 |     5 |    -3
223 |    10 |     7
224 |    11 |     9
225 |     2 |    12
226 |     6 |    -8
227 |    -3 |   -10
228 |    14 |    -1
229 |   -10 |     8
22A |     7 |    -7
22B |     1 |    14
22C |    11 |    -5
22D |     1 |    15
22E |    -5 |     4
22F |     3 |     3
230 |     6 |   -13
231 |    -5 |   -10
232 |     9 |   -13
233 |    -7 |     0
234 |   -11 |   -10
235 |     8 |     5
236 |    13 |     7
237 |    -6 |     0
238 |     3 |   -15
239 |   -11 |    -9
23A |    -7 |    -4
23B |   -13 |     2
23C |     1 |     4
23D |    11 |    12
23E |    12 |     8
23F |     1 |    13
240 |    -9 |    -6
241 |    11 |    10
242 |     2 |   -12
243 |     3 |    -6
244 |    -2 |    -2
245 |   -13 |     4
246 |    -3 |     1
247 |    -3 |     1
248 |     0 |     7
249 |     4 |    10
24A |   -16 |    -5
24B |    11 |    -8
24C |    -8 |     0
24D |    -2 |    -3
24E |   -12 |     9
24F |   -14 |   -10
250 |   -15 |    14
251 |   -12 |   -15
252 |    11 |   -11
253 |    10 |     0
254 |    -9 |   -11
255 |   -15 |     3
256 |    -6 |    -1
257 |     7 |    12
258 |    11 |    -8
259 |    -1 |   -15
25A |     9 |     6
25B |     9 |    14
25C |     5 |     1
25D |     5 |    -8
25E |   -12 |    13
25F |    -4 |     3
260 |     6 |    14
261 |    -1 |   -11
262 |    -7 |     3
263 |    -4 |    10
264 |    -7 |    -7
265 |    -5 |   -16
266 |    13 |    -8
267 |     4 |     2
268 |    -7 |   -16
269 |   -12 |    14
26A |    12 |   -16
26B |     1 |     2
26C |     6 |   -16
26D |     3 |    -4
26E |    12 |    11
26F |   -13 |    -1
270 |     2 |     8
271 |   -11 |    -2
272 |    13 |   -11
273 |    12 |    -1
274 |     4 |     2
275 |    -7 |    10
276 |    12 |   -12
277 |     5 |    -8
278 |    -5 |    -9
279 |    -1 |    12
27A |    12 |    15
27B |     7 |     4
27C |     2 |    -7
27D |    10 |   -15
27E |   -13 |   -10
27F |   -12 |     1
280 |   -10 |    12
281 |     2 |    -2
282 |    -7 |    -7
283 |   -11 |    15
284 |     6 |     5
285 |     9 |     3
286 |   -11 |     7
287 |     8 |   -14
288 |    -8 |   -11
289 |    11 |   -13
28A |   -15 |     9
28B |     3 |    14
28C |    -3 |    -4
28D |    15 |     8
28E |    -2 |    -9
28F |    -7 |     8
290 |     2 |    -1
291 |   -14 |    -4
292 |    -8 |   -10
293 |    -7 |    14
294 |    -5 |     3
295 |    12 |    -6
296 |    10 |    -9
297 |    -1 |    14
298 |     2 |    -4
299 |    -2 |   -13
29A |     3 |    -9
29B |    -4 |    11
29C |    12 |   -16
29D |     2 |     1
29E |    10 |     9
29F |    -4 |   -16
2A0 |     0 |    14
2A1 |    14 |     7
2A2 |   -10 |    -1
2A3 |     2 |    15
2A4 |    -6 |     5
2A5 |    12 |   -13
2A6 |    11 |    -7
2A7 |    -2 |    -8
2A8 |     6 |    -2
2A9 |    10 |     6
2AA |     9 |    -4
2AB |    -1 |     8
2AC |   -11 |    -8
2AD |    -2 |   -14
2AE |     4 |    12
2AF |     5 |    15
2B0 |    -8 |    -5
2B1 |     2 |     4
2B2 |    -8 |     1
2B3 |    12 |   -12
2B4 |   -11 |    12
2B5 |     0 |     0
2B6 |    -7 |    13
2B7 |    -9 |     8
2B8 |    -1 |   -15
2B9 |    -9 |    -1
2BA |    -1 |   -12
2BB |    13 |    -4
2BC |    -9 |    -7
2BD |   -15 |     4
2BE |    -7 |     4
2BF |    11 |   -10
2C0 |     6 |   -14
2C1 |    10 |    -5
2C2 |   -11 |    -4
2C3 |   -12 |    15
2C4 |     8 |   -10
2C5 |   -14 |     8
2C6 |     7 |     0
2C7 |   -15 |     7
2C8 |   -12 |   -12
2C9 |    -1 |    -3
2CA |     5 |   -11
2CB |   -14 |   -13
2CC |     5 |    10
2CD |    13 |   -13
2CE |    -5 |   -14
2CF |   -12 |     3
2D0 |   -14 |    -3
2D1 |    -4 |   -10
2D2 |    -4 |     8
2D3 |     4 |    -4
2D4 |     9 |    -5
2D5 |     0 |   -10
2D6 |    -4 |    13
2D7 |     6 |   -10
2D8 |     5 |    -5
2D9 |    -9 |     5
2DA |    11 |    12
2DB |    12 |     4
2DC |     5 |     7
2DD |    15 |    11
2DE |     7 |    -1
2DF |   -11 |     8
2E0 |   -11 |     7
2E1 |    -5 |    12
2E2 |     4 |   -16
2E3 |   -11 |     2
2E4 |     2 |    -8
2E5 |    12 |   -16
2E6 |    -6 |    -2
2E7 |     6 |     4
2E8 |   -14 |     1
2E9 |    11 |   -10
2EA |   -13 |    13
2EB |     9 |    -7
2EC |    -6 |     0
2ED |    -7 |    -1
2EE |   -14 |     0
2EF |   -12 |   -11
2F0 |     7 |    -3
2F1 |     8 |     4
2F2 |    -7 |    -5
2F3 |     7 |   -10
2F4 |    12 |   -14
2F5 |    -8 |   -11
2F6 |     9 |     5
2F7 |     1 |    11
2F8 |    -9 |    -9
2F9 |    -5 |   -16
2FA |     8 |   -13
2FB |     0 |   -14
2FC |    12 |    -7
2FD |     2 |    -2
2FE |    -4 |   -13
2FF |    -8 |    12
300 |    12 |    -2
301 |    12 |     2
302 |     4 |    -7
303 |   -12 |     5
304 |     3 |    14
305 |    -5 |     9
306 |    -2 |   -11
307 |    -4 |    11
308 |    -1 |    -8
309 |   -15 |    -4
30A |     7 |     9
30B |    -8 |    -1
30C |   -12 |   -12
30D |     9 |    11
30E |    10 |   -11
30F |   -12 |    10
310 |     4 |     7
311 |    12 |    -4
312 |     6 |     6
313 |    -5 |     3
314 |    11 |     6
315 |    -9 |    -7
316 |     3 |   -14
317 |    -6 |    -4
318 |    -2 |    -7
319 |     2 |    -9
31A |     0 |    -1
31B |     1 |     2
31C |     3 |     5
31D |    -6 |     3
31E |    -6 |    14
31F |   -14 |     5
320 |   -11 |    -3
321 |     0 |     0
322 |    10 |    -7
323 |    15 |     8
324 |     3 |     0
325 |    -1 |   -13
326 |     3 |    -4
327 |   -12 |   -13
328 |    -6 |   -16
329 |    10 |     8
32A |    13 |     7
32B |     5 |   -15
32C |     4 |     8
32D |     6 |     8
32E |    -8 |     4
32F |   -10 |   -11
330 |    -1 |    -4
331 |    -9 |   -15
332 |    12 |    -1
333 |    -7 |     5
334 |   -13 |     9
335 |     8 |   -15
336 |    -1 |     6
337 |     4 |     3
338 |    -4 |     1
339 |    15 |     0
33A |    15 |   -15
33B |    15 |    -2
33C |   -11 |     5
33D |    13 |    -8
33E |    -3 |     8
33F |   -13 |    10
340 |     2 |    -7
341 |    14 |     3
342 |   -16 |    12
343 |    11 |    -3
344 |     0 |    -4
345 |     9 |     3
346 |   -14 |    11
347 |   -13 |    -6
348 |     7 |   -12
349 |   -12 |    -5
34A |    12 |    -7
34B |    -9 |     4
34C |   -10 |    10
34D |     7 |    12
34E |     7 |    -7
34F |    -4 |   -10
350 |   -14 |    -5
351 |   -14 |     1
352 |     5 |    -2
353 |    13 |   -15
354 |    -8 |   -11
355 |     4 |    -8
356 |     9 |     7
357 |     5 |     8
358 |     3 |    14
359 |   -15 |    -6
35A |     5 |    -2
35B |    10 |    10
35C |   -15 |     1
35D |     0 |    -2
35E |   -13 |    -3
35F |    -6 |    -5
360 |    -7 |    15
361 |   -14 |    13
362 |    -4 |    11
363 |    12 |   -14
364 |    10 |     4
365 |    10 |   -14
366 |    10 |    12
367 |   -13 |   -14
368 |    -3 |     9
369 |    14 |     8
36A |     4 |    -4
36B |    13 |    12
36C |     6 |     3
36D |    14 |    13
36E |    -1 |    11
36F |     3 |   -13
370 |     3 |    13
371 |    -3 |   -11
372 |     4 |    -5
373 |     6 |     9
374 |     2 |     4
375 |     8 |   -15
376 |     6 |    13
377 |     2 |    13
378 |     2 |     0
379 |     6 |    -6
37A |     0 |   -11
37B |    -3 |    12
37C |     1 |   -11
37D |    -8 |    -6
37E |    -1 |     8
37F |   -13 |    -6
380 |    -2 |    -7
381 |   -10 |    -7
382 |     5 |   -13
383 |   -10 |     3
384 |   -16 |    12
385 |    10 |    -5
386 |    14 |    -8
387 |     2 |   -16
388 |     2 |   -16
389 |   -11 |    15
38A |   -14 |   -16
38B |    10 |    -1
38C |   -14 |    14
38D |    15 |    10
38E |     2 |   -11
38F |   -16 |    -1
390 |   -10 |    -3
391 |     2 |    -5
392 |    15 |   -13
393 |    13 |   -14
394 |    -4 |   -14
395 |     5 |     5
396 |    13 |   -13
397 |    -5 |    10
398 |     5 |    -6
399 |    -4 |    -5
39A |     9 |     7
39B |     4 |   -11
39C |     9 |     4
39D |    -5 |     8
39E |    14 |    11
39F |    -1 |     2
3A0 |     0 |    -8
3A1 |    -1 |     1
3A2 |     1 |    10
3A3 |     3 |    -3
3A4 |     0 |   -10
3A5 |    -1 |    14
3A6 |    -9 |    11
3A7 |     3 |     0
3A8 |     9 |    -8
3A9 |    -9 |    15
3AA |     7 |    -5
3AB |    -2 |     2
3AC |    14 |   -16
3AD |    13 |   -15
3AE |    10 |    -9
3AF |    -3 |    10
3B0 |   -11 |   -14
3B1 |     7 |     6
3B2 |    -9 |   -16
3B3 |    -4 |     2
3B4 |    -6 |   -12
3B5 |    12 |     3
3B6 |    -3 |   -16
3B7 |   -11 |     5
3B8 |   -13 |     9
3B9 |    -8 |    -5
3BA |    13 |     5
3BB |    13 |    14
3BC |   -15 |   -14
3BD |     0 |    14
3BE |    -3 |    13
3BF |   -14 |    13
3C0 |     6 |   -13
3C1 |   -13 |     4
3C2 |    14 |    -3
3C3 |     2 |     6
3C4 |    -5 |    -7
3C5 |    10 |   -15
3C6 |     8 |     8
3C7 |     8 |     8
3C8 |   -11 |    -9
3C9 |     6 |     4
3CA |    -5 |     1
3CB |    -8 |   -11
3CC |   -16 |    -1
3CD |     3 |    12
3CE |    11 |    -3
3CF |    -2 |    -5
3D0 |    13 |     7
3D1 |    -7 |    -4
3D2 |    -4 |    12
3D3 |   -14 |    14
3D4 |   -15 |    -4
3D5 |    -3 |    14
3D6 |   -10 |     4
3D7 |    12 |   -10
3D8 |    -1 |    -3
3D9 |     9 |    13
3DA |    -2 |    -9
3DB |   -13 |     3
3DC |     2 |   -11
3DD |     4 |    13
3DE |    -1 |   -10
3DF |    -7 |   -15
3E0 |    10 |    -3
3E1 |     1 |    -4
3E2 |    -5 |     2
3E3 |    15 |     4
3E4 |     6 |    -9
3E5 |     4 |    -7
3E6 |    10 |     1
3E7 |     3 |   -16
3E8 |    -5 |    -3
3E9 |    -1 |     4
3EA |     3 |    -7
3EB |    13 |    -1
3EC |    10 |   -12
3ED |    -8 |     5
3EE |    -1 |   -13
3EF |    -3 |   -15
3F0 |   -11 |   -13
3F1 |     7 |     8
3F2 |    -4 |   -11
3F3 |     1 |     9
3F4 |   -14 |    12
3F5 |    -4 |     3
3F6 |    14 |    -4
3F7 |     5 |    13
3F8 |   -16 |   -11
3F9 |    -4 |   -10
3FA |    14 |     3
3FB |    -3 |    14
3FC |    -1 |    -2
3FD |     2 |     0
3FE |    13 |     9
3FF |     3 |     5
400 |     7 |    13
401 |    13 |   -15
402 |    14 |    14
403 |    -3 |     6
404 |     4 |    13
405 |   -14 |     2
406 |    -7 |    -8
407 |     0 |     9
408 |     2 |     4
409 |    -4 |     3
40A |    -2 |     9
40B |    -1 |    -1
40C |     5 |    -6
40D |    15 |     8
40E |    13 |     5
40F |     6 |    11
410 |    -8 |     5
411 |    -5 |    -5
412 |   -14 |    15
413 |   -13 |    13
414 |    10 |   -10
415 |    -2 |    -5
416 |    -7 |     9
417 |    -3 |   -10
418 |     7 |     4
419 |    14 |   -13
41A |   -15 |    -3
41B |    10 |   -16
41C |   -15 |    -7
41D |     2 |     2
41E |    11 |    12
41F |   -10 |    -3
420 |    -7 |     3
421 |    -4 |    11
422 |     6 |   -11
423 |     9 |     9
424 |     7 |     2
425 |    13 |     7
426 |    -2 |   -16
427 |   -11 |    -9
428 |   -11 |   -15
429 |     8 |    11
42A |    14 |     4
42B |   -16 |     9
42C |   -11 |    11
42D |    11 |    -5
42E |   -10 |    -8
42F |    -2 |     8
430 |    14 |    10
431 |   -14 |     2
432 |     1 |    -8
433 |    -5 |   -12
434 |   -15 |    -7
435 |    -7 |    11
436 |   -12 |   -11
437 |    -6 |    10
438 |     8 |    11
439 |     8 |    13
43A |   -11 |    12
43B |   -13 |     6
43C |    11 |    -5
43D |   -12 |   -16
43E |     9 |    -1
43F |   -15 |    10
440 |    12 |   -14
441 |    -2 |    14
442 |     8 |    -9
443 |    -5 |   -11
444 |   -11 |     1
445 |    -1 |   -11
446 |   -11 |    -1
447 |    -7 |   -12
448 |    -7 |   -13
449 |     4 |   -16
44A |   -10 |    13
44B |   -16 |     5
44C |    12 |     6
44D |     1 |     2
44E |    -8 |   -14
44F |    -5 |     0
450 |    12 |    14
451 |   -10 |   -13
452 |   -11 |   -15
453 |   -11 |    15
454 |     8 |    -8
455 |     2 |     1
456 |     8 |    -8
457 |    -1 |     1
458 |     8 |   -16
459 |    -8 |    -5
45A |     3 |    12
45B |    15 |    -5
45C |   -12 |    -1
45D |    11 |    -5
45E |    10 |     5
45F |    14 |    -7
460 |     7 |    15
461 |    -1 |     8
462 |    -4 |    12
463 |   -10 |    -3
464 |     3 |   -13
465 |     9 |    -9
466 |     8 |    -6
467 |    12 |     9
468 |    11 |     3
469 |     3 |    -2
46A |    -4 |     8
46B |     4 |     0
46C |     9 |    11
46D |     2 |     2
46E |    -1 |     8
46F |     8 |   -14
470 |     9 |     6
471 |    -9 |     1
472 |    -5 |     1
473 |    13 |   -10
474 |    12 |     9
475 |   -12 |    -1
476 |    15 |     5
477 |     3 |     4
478 |     0 |   -16
479 |    11 |   -16
47A |   -12 |   -10
47B |    14 |    12
47C |    10 |    -2
47D |     7 |     0
47E |   -10 |   -14
47F |     6 |   -11
480 |   -14 |    -3
481 |     5 |    -9
482 |   -10 |    -8
483 |   -10 |    -5
484 |    -2 |    -5
485 |    12 |     2
486 |     9 |   -12
487 |    -7 |     1
488 |   -15 |     4
489 |   -10 |    -6
48A |    10 |     1
48B |    -9 |     8
48C |     6 |     5
48D |     5 |     0
48E |    -3 |    -5
48F |     6 |   -12
490 |   -10 |    -4
491 |    12 |    -5
492 |   -12 |   -10
493 |   -14 |    11
494 |   -15 |   -10
495 |   -10 |     0
496 |    -1 |   -14
497 |    -6 |   -12
498 |    11 |    12
499 |    -2 |    15
49A |    -5 |   -16
49B |    11 |     8
49C |   -15 |    -7
49D |    12 |     9
49E |     8 |    15
49F |    -3 |    11
4A0 |     1 |   -12
4A1 |   -10 |   -16
4A2 |     7 |    14
4A3 |    -4 |     6
4A4 |    -9 |     3
4A5 |    15 |   -13
4A6 |     8 |     7
4A7 |    -9 |   -11
4A8 |     6 |     2
4A9 |    -5 |    -5
4AA |   -11 |     8
4AB |     4 |     3
4AC |    -1 |   -10
4AD |    -9 |    15
4AE |     7 |    12
4AF |     8 |    -8
4B0 |    -8 |    -4
4B1 |    11 |    -1
4B2 |    15 |     8
4B3 |    -6 |     3
4B4 |     2 |    12
4B5 |    -5 |   -14
4B6 |    12 |   -13
4B7 |     6 |   -14
4B8 |    15 |    -9
4B9 |    -4 |    13
4BA |    15 |    -2
4BB |    15 |   -14
4BC |    12 |    15
4BD |    -6 |    14
4BE |   -15 |    -1
4BF |     2 |   -16
4C0 |     1 |   -13
4C1 |     2 |   -10
4C2 |    13 |    -6
4C3 |    -9 |   -10
4C4 |     1 |    15
4C5 |   -14 |   -12
4C6 |    -3 |    11
4C7 |   -10 |     9
4C8 |     3 |    -9
4C9 |    12 |     4
4CA |     6 |   -14
4CB |    12 |     5
4CC |    -1 |    -9
4CD |     6 |    -7
4CE |    -6 |    -6
4CF |    -3 |    -6
4D0 |   -13 |    -1
4D1 |     1 |    -8
4D2 |     4 |     8
4D3 |     2 |   -15
4D4 |   -10 |   -11
4D5 |    10 |   -16
4D6 |     1 |   -11
4D7 |    -8 |    10
4D8 |    -7 |    -8
4D9 |    -1 |    -7
4DA |    15 |    12
4DB |     1 |    -1
4DC |     8 |   -14
4DD |   -12 |    15
4DE |     9 |     3
4DF |     7 |    10
4E0 |    15 |    -1
4E1 |   -16 |    -9
4E2 |    13 |     7
4E3 |   -12 |    13
4E4 |    -3 |     1
4E5 |    -3 |    -4
4E6 |     1 |    -7
4E7 |     2 |    15
4E8 |    -8 |    -6
4E9 |     5 |   -13
4EA |   -14 |     2
4EB |    13 |    11
4EC |    -9 |     5
4ED |    12 |   -14
4EE |   -16 |   -13
4EF |    -4 |    -6
4F0 |     3 |    15
4F1 |     1 |   -12
4F2 |     7 |    12
4F3 |   -11 |    10
4F4 |    -6 |     4
4F5 |     9 |    -9
4F6 |    -2 |    -2
4F7 |   -11 |    -1
4F8 |   -16 |    -4
4F9 |    14 |    -2
4FA |    -8 |    14
4FB |    12 |   -13
4FC |   -16 |    -7
4FD |    -9 |    13
4FE |    -8 |     8
4FF |   -12 |    -8
500 |     8 |    -4
501 |   -10 |     1
502 |     4 |     5
503 |     3 |   -14
504 |     8 |     1
505 |    -7 |    -9
506 |   -16 |    13
507 |    12 |    -6
508 |    -3 |    -2
509 |    10 |    -6
50A |    -3 |    -2
50B |   -10 |    10
50C |    -9 |    -3
50D |     6 |    13
50E |     4 |   -16
50F |    -1 |    -1
510 |   -11 |     4
511 |     2 |    -2
512 |     3 |   -16
513 |    -4 |   -14
514 |     2 |    14
515 |    -1 |    11
516 |     8 |    14
517 |    -1 |    12
518 |   -12 |    -1
519 |     7 |   -16
51A |    -8 |    -3
51B |    10 |     6
51C |    -5 |    -1
51D |   -12 |   -15
51E |   -12 |     3
51F |     0 |    13
520 |   -14 |    13
521 |     9 |    -8
522 |    10 |    -5
523 |     9 |    13
524 |    -7 |   -12
525 |   -11 |     5
526 |   -11 |     2
527 |    -7 |     1
528 |     9 |   -11
529 |     3 |   -13
52A |    -1 |   -13
52B |    -1 |     8
52C |    11 |    13
52D |    13 |     7
52E |     3 |    -5
52F |    -9 |    -3
530 |    -8 |     5
531 |    -6 |    -9
532 |     6 |    -3
533 |    -6 |     4
534 |    -8 |     1
535 |    -9 |     1
536 |     5 |   -12
537 |     1 |     6
538 |     0 |    15
539 |    15 |    14
53A |     7 |    12
53B |    15 |   -12
53C |     7 |    13
53D |     0 |   -11
53E |    -9 |    -5
53F |   -16 |   -12
540 |   -16 |    -6
541 |   -14 |    -9
542 |     7 |    15
543 |    -7 |    -3
544 |   -14 |     2
545 |    -2 |    -8
546 |    -1 |     6
547 |     4 |    12
548 |   -12 |     2
549 |    -9 |   -12
54A |    -5 |    -2
54B |   -14 |    10
54C |   -12 |     4
54D |     2 |    12
54E |     4 |     3
54F |    13 |     3
550 |     7 |     0
551 |     2 |    14
552 |    -1 |     2
553 |     7 |    -7
554 |    -4 |     2
555 |    -7 |    -6
556 |    10 |     2
557 |    -2 |    -5
558 |   -16 |    -6
559 |   -16 |    -9
55A |     3 |     4
55B |    -3 |    12
55C |    10 |     7
55D |   -13 |    -3
55E |     1 |     4
55F |   -14 |    -7
560 |    10 |    12
561 |    13 |     3
562 |   -10 |   -15
563 |     9 |    15
564 |   -13 |    13
565 |    -8 |    -7
566 |     2 |     5
567 |     4 |    14
568 |     4 |    -7
569 |    12 |     5
56A |    -2 |    14
56B |    -4 |    -8
56C |   -10 |     3
56D |   -10 |     9
56E |    12 |    12
56F |     4 |   -11
570 |    -9 |   -13
571 |    -3 |    -2
572 |     3 |    -4
573 |     0 |   -11
574 |   -11 |   -11
575 |     3 |    -4
576 |    -3 |     4
577 |    -7 |     7
578 |    -1 |    -7
579 |     9 |     7
57A |     3 |     7
57B |    -5 |     2
57C |     9 |     6
57D |    -1 |    12
57E |    13 |    -3
57F |    -8 |    10
580 |   -16 |     2
581 |    -2 |    11
582 |    -4 |    -8
583 |     7 |    -7
584 |     0 |     3
585 |   -15 |     5
586 |    -4 |     8
587 |    -8 |   -16
588 |     5 |     1
589 |   -14 |    -5
58A |   -13 |    -8
58B |    11 |    -5
58C |    15 |     2
58D |     8 |   -14
58E |    -5 |     3
58F |    -3 |    13
590 |     1 |   -15
591 |    12 |    -7
592 |   -14 |     3
593 |     2 |    -9
594 |    10 |    10
595 |   -13 |    15
596 |     1 |   -15
597 |    -8 |     1
598 |    -4 |   -12
599 |   -15 |    14
59A |     6 |     0
59B |    15 |    -9
59C |     4 |   -15
59D |     1 |    -6
59E |   -15 |    -7
59F |    -2 |    13
5A0 |     1 |     6
5A1 |    14 |   -13
5A2 |    -2 |     7
5A3 |   -10 |     6
5A4 |    -1 |     2
5A5 |   -13 |   -12
5A6 |     8 |    -5
5A7 |    -5 |    -6
5A8 |    -1 |     4
5A9 |     6 |     1
5AA |     6 |   -10
5AB |    -4 |    -7
5AC |     3 |    -8
5AD |    15 |     7
5AE |   -11 |    10
5AF |    -2 |    -6
5B0 |   -15 |    -3
5B1 |   -16 |    -2
5B2 |    -4 |    -9
5B3 |     5 |    13
5B4 |     4 |    -9
5B5 |   -15 |   -15
5B6 |    -7 |     6
5B7 |     7 |     7
5B8 |     7 |    12
5B9 |   -10 |    -5
5BA |     3 |   -15
5BB |    -8 |    -2
5BC |    11 |    -7
5BD |     4 |     3
5BE |     6 |    -3
5BF |    -5 |   -11
5C0 |     3 |    -9
5C1 |    -8 |   -15
5C2 |   -16 |    11
5C3 |   -14 |    -4
5C4 |     4 |   -14
5C5 |   -10 |    14
5C6 |    -7 |     0
5C7 |   -12 |   -12
5C8 |     6 |   -16
5C9 |    -6 |    -9
5CA |     5 |    -4
5CB |   -16 |     6
5CC |    -3 |   -11
5CD |   -12 |     1
5CE |     0 |     6
5CF |   -16 |    -1
5D0 |     8 |   -10
5D1 |    10 |    -3
5D2 |    10 |     2
5D3 |     8 |   -16
5D4 |     8 |    -3
5D5 |    14 |     7
5D6 |    -6 |    12
5D7 |   -12 |    -5
5D8 |     2 |     8
5D9 |     4 |    -3
5DA |   -10 |    10
5DB |     5 |     4
5DC |     8 |    13
5DD |   -12 |    -8
5DE |     5 |     7
5DF |   -15 |   -14
5E0 |    -6 |     4
5E1 |    -6 |    -9
5E2 |   -10 |     2
5E3 |    -3 |     3
5E4 |    10 |    -2
5E5 |     2 |     2
5E6 |    -1 |    -4
5E7 |   -13 |    14
5E8 |    15 |    -5
5E9 |   -13 |    15
5EA |   -16 |     9
5EB |   -11 |   -11
5EC |    14 |    -7
5ED |   -10 |     9
5EE |    -3 |    -6
5EF |     2 |     7
5F0 |    14 |     5
5F1 |     3 |     9
5F2 |    14 |    -2
5F3 |     0 |    15
5F4 |     8 |     1
5F5 |     7 |     6
5F6 |     7 |     9
5F7 |    12 |     1
5F8 |     0 |    13
5F9 |    13 |    -9
5FA |    -2 |    15
5FB |   -13 |    -2
5FC |   -10 |   -15
5FD |     6 |   -13
5FE |    -2 |    15
5FF |     8 |    -5
