ROW | DATA_1 | DATA_2
---------------------
000 |    -9 |    14
001 |   -10 |     9
002 |     4 |   -16
003 |    -5 |    15
004 |   -15 |    -7
005 |   -11 |     2
006 |     7 |    13
007 |   -12 |     1
008 |   -15 |     3
009 |    10 |    -8
00A |    14 |     4
00B |    11 |     9
00C |    -8 |     2
00D |     6 |    10
00E |   -10 |   -15
00F |    -3 |    15
010 |     9 |     6
011 |     3 |     4
012 |     8 |    -1
013 |    -2 |    -8
014 |    -4 |    -3
015 |     7 |   -11
016 |    14 |    -6
017 |   -14 |    13
018 |     6 |    -2
019 |     4 |   -11
01A |    -7 |     6
01B |    15 |    -8
01C |     1 |    15
01D |    10 |    -1
01E |    12 |    -4
01F |    14 |   -15
020 |     7 |   -11
021 |   -14 |   -15
022 |    12 |    13
023 |     3 |    12
024 |    -3 |     4
025 |    -4 |   -14
026 |    -7 |   -16
027 |    -9 |     7
028 |   -12 |    -1
029 |   -15 |    -7
02A |   -16 |    -2
02B |   -10 |     9
02C |     9 |   -13
02D |    -2 |   -16
02E |     2 |   -12
02F |    -4 |     3
030 |     3 |    -2
031 |   -14 |     2
032 |     5 |    -4
033 |     2 |    12
034 |   -10 |     3
035 |    -5 |   -12
036 |   -10 |   -12
037 |    -1 |    -5
038 |   -16 |     2
039 |   -14 |   -10
03A |    10 |    -9
03B |    -5 |    11
03C |     9 |    -7
03D |     8 |     5
03E |     6 |   -10
03F |    12 |    -1
040 |     3 |    -9
041 |     1 |    -7
042 |    -6 |    -6
043 |    -3 |   -16
044 |   -11 |     2
045 |    15 |     2
046 |   -13 |    13
047 |    11 |    -1
048 |   -12 |   -15
049 |     6 |    -4
04A |   -13 |    -7
04B |    13 |   -13
04C |     6 |     2
04D |     1 |    -1
04E |    -5 |    10
04F |    10 |    -4
050 |    10 |    14
051 |     1 |    11
052 |    -3 |     8
053 |    -9 |    -7
054 |    -8 |     0
055 |    11 |     0
056 |    -6 |     2
057 |     0 |     0
058 |     3 |    -3
059 |    -3 |    -9
05A |     4 |    -3
05B |    -7 |   -16
05C |    -5 |    -2
05D |     4 |    -9
05E |    15 |   -13
05F |   -16 |    -9
060 |     0 |    14
061 |    12 |   -14
062 |     5 |     4
063 |     8 |   -15
064 |   -10 |     3
065 |     7 |    -7
066 |    -4 |     5
067 |     2 |     0
068 |    -8 |    -7
069 |    -1 |     2
06A |    10 |     1
06B |     7 |    15
06C |    12 |   -14
06D |   -12 |    -2
06E |    14 |    -5
06F |     4 |     6
070 |     8 |    -1
071 |    -5 |   -12
072 |    -6 |   -15
073 |   -16 |    -9
074 |    13 |    11
075 |     9 |     1
076 |   -11 |    12
077 |    14 |     1
078 |     7 |   -12
079 |     4 |     4
07A |    -1 |    -6
07B |     2 |     2
07C |   -10 |     3
07D |    -8 |    11
07E |   -13 |     1
07F |   -11 |    -9
080 |     2 |   -16
081 |    -7 |   -12
082 |    -3 |    -5
083 |    -1 |    10
084 |     9 |     4
085 |    -4 |    10
086 |    -4 |     9
087 |     1 |    -9
088 |   -16 |    13
089 |   -12 |    -8
08A |    12 |     5
08B |     8 |    15
08C |    -3 |     8
08D |     8 |    11
08E |    13 |     7
08F |     2 |    -2
090 |   -11 |   -13
091 |     8 |    -9
092 |   -13 |    -4
093 |   -14 |   -12
094 |   -11 |    11
095 |    13 |   -16
096 |     1 |     8
097 |    -5 |    12
098 |    13 |     7
099 |    -4 |    -6
09A |     5 |   -12
09B |     4 |    -4
09C |   -11 |     1
09D |    -8 |    -1
09E |    -2 |     5
09F |   -16 |     7
0A0 |    14 |     6
0A1 |    -4 |     9
0A2 |    -5 |     7
0A3 |   -15 |     8
0A4 |     0 |   -15
0A5 |    -3 |    -7
0A6 |   -13 |    -8
0A7 |     9 |   -10
0A8 |    11 |    12
0A9 |    -5 |    -6
0AA |    11 |    -9
0AB |   -10 |     9
0AC |    12 |   -11
0AD |     7 |    10
0AE |     6 |    -4
0AF |   -11 |    15
0B0 |    -4 |   -13
0B1 |    -8 |     1
0B2 |     5 |     7
0B3 |     5 |    -6
0B4 |    -9 |     5
0B5 |    -4 |     2
0B6 |     3 |    14
0B7 |   -15 |    -8
0B8 |    -8 |    -1
0B9 |    10 |     3
0BA |    12 |     9
0BB |    13 |     4
0BC |     6 |     4
0BD |   -11 |   -11
0BE |    13 |     8
0BF |    -9 |    -3
0C0 |   -16 |    -6
0C1 |     9 |     0
0C2 |   -14 |    -8
0C3 |     0 |    -4
0C4 |     1 |   -15
0C5 |     7 |    10
0C6 |    12 |   -16
0C7 |   -14 |     2
0C8 |     0 |     9
0C9 |   -15 |     7
0CA |    15 |    12
0CB |    -2 |    -3
0CC |    10 |    10
0CD |    15 |    -5
0CE |    14 |     7
0CF |   -13 |   -13
0D0 |   -14 |   -11
0D1 |     5 |    -8
0D2 |    -7 |     4
0D3 |     2 |    12
0D4 |   -14 |    10
0D5 |     0 |    -9
0D6 |   -16 |    11
0D7 |     7 |    14
0D8 |    15 |    -5
0D9 |    -8 |     8
0DA |    -2 |    -2
0DB |    14 |     4
0DC |    13 |     4
0DD |   -13 |   -14
0DE |     6 |     6
0DF |    -1 |    -7
0E0 |   -10 |     7
0E1 |    -8 |    10
0E2 |    12 |    -1
0E3 |    -8 |   -11
0E4 |    -3 |    -6
0E5 |     3 |   -14
0E6 |    -2 |    -5
0E7 |     3 |    10
0E8 |   -16 |     8
0E9 |   -14 |     5
0EA |    10 |    12
0EB |     7 |    13
0EC |     4 |     2
0ED |    -2 |   -10
0EE |    -6 |   -15
0EF |    -5 |   -12
0F0 |   -15 |    11
0F1 |    -5 |    -2
0F2 |    -7 |   -15
0F3 |   -12 |     1
0F4 |   -10 |    -1
0F5 |     9 |     6
0F6 |    13 |     5
0F7 |    -2 |    11
0F8 |   -12 |   -12
0F9 |     8 |    10
0FA |     8 |    -7
0FB |    -5 |     8
0FC |     2 |    -7
0FD |    -4 |    -7
0FE |    -2 |    14
0FF |   -16 |    10
100 |    -4 |     8
101 |     8 |     8
102 |    13 |     5
103 |     7 |    14
104 |     3 |     5
105 |   -14 |    -6
106 |    -7 |     7
107 |     8 |     7
108 |    -6 |    14
109 |    -5 |     8
10A |    11 |     0
10B |   -16 |    15
10C |     2 |    -4
10D |   -16 |    10
10E |    -4 |    12
10F |    -6 |     0
110 |     3 |    13
111 |     0 |    -6
112 |   -10 |   -13
113 |    -1 |   -11
114 |   -14 |    -7
115 |   -15 |    15
116 |     3 |     2
117 |    -1 |   -11
118 |     4 |    -1
119 |     8 |   -14
11A |    12 |   -13
11B |    -8 |    -1
11C |    -5 |    -7
11D |     3 |    14
11E |     8 |    -4
11F |    15 |    -2
120 |   -16 |   -12
121 |    -4 |   -10
122 |     3 |   -14
123 |     0 |     0
124 |   -15 |   -10
125 |   -10 |    -9
126 |    -3 |    -2
127 |     8 |    15
128 |     7 |     4
129 |     8 |   -11
12A |    -4 |     3
12B |    12 |   -14
12C |   -10 |   -11
12D |    10 |     8
12E |     2 |   -12
12F |   -15 |    -4
130 |   -12 |    -7
131 |    -1 |    12
132 |     1 |     4
133 |     5 |    -5
134 |     9 |    11
135 |    -7 |     5
136 |   -11 |     0
137 |    -9 |   -14
138 |   -11 |    -8
139 |     3 |    14
13A |     4 |    12
13B |    -2 |     0
13C |    -6 |   -11
13D |    -8 |    -4
13E |    -4 |    -9
13F |   -14 |    -9
140 |     1 |   -13
141 |   -16 |     2
142 |    -3 |    11
143 |   -13 |    15
144 |     7 |     5
145 |    -8 |     0
146 |   -10 |   -12
147 |     7 |     6
148 |    11 |     9
149 |    -5 |   -11
14A |    -3 |    -3
14B |    -8 |    -5
14C |     2 |    14
14D |   -13 |     3
14E |   -11 |     6
14F |    15 |   -13
150 |    -4 |    -1
151 |    -8 |    13
152 |    12 |     8
153 |     2 |   -14
154 |    -9 |   -11
155 |     8 |   -10
156 |    -6 |    13
157 |    15 |    -8
158 |     4 |    -7
159 |     8 |    -2
15A |     5 |    15
15B |    -2 |     4
15C |    12 |   -16
15D |    -8 |    11
15E |    -8 |   -10
15F |    -8 |    -5
160 |   -16 |    10
161 |    -9 |    15
162 |    11 |     9
163 |    -7 |    10
164 |    11 |    -7
165 |   -10 |    -5
166 |   -14 |     6
167 |   -14 |    -9
168 |    -3 |    -1
169 |    -4 |   -16
16A |    -6 |    -2
16B |    15 |    -9
16C |   -11 |     0
16D |    -9 |   -13
16E |    10 |     6
16F |    -3 |    -1
170 |    -9 |     6
171 |    10 |    -8
172 |     3 |   -12
173 |   -10 |     8
174 |    11 |   -11
175 |   -10 |     7
176 |    15 |   -15
177 |   -10 |     1
178 |     0 |     7
179 |     2 |    -4
17A |     9 |   -16
17B |    -6 |     3
17C |    -9 |   -13
17D |    -1 |     8
17E |    -4 |     3
17F |     2 |   -12
180 |    -3 |   -14
181 |   -13 |    -6
182 |     2 |   -11
183 |    -6 |    -7
184 |    12 |   -16
185 |    -9 |    -8
186 |    14 |    11
187 |   -11 |    -3
188 |     8 |    -4
189 |    10 |    -8
18A |     0 |    -7
18B |   -10 |    -4
18C |   -11 |   -10
18D |   -11 |     4
18E |    -5 |     2
18F |     6 |     1
190 |     7 |    -3
191 |    14 |    13
192 |     0 |    -9
193 |    10 |   -15
194 |     6 |     3
195 |     8 |   -16
196 |    13 |   -14
197 |     3 |     2
198 |   -11 |     9
199 |    -3 |   -15
19A |   -12 |   -11
19B |   -13 |     6
19C |     0 |    -4
19D |    14 |   -10
19E |   -11 |    11
19F |   -13 |    14
1A0 |     0 |   -12
1A1 |    15 |    10
1A2 |    -7 |   -11
1A3 |     5 |     8
1A4 |     6 |     9
1A5 |   -11 |    -5
1A6 |    10 |     1
1A7 |   -13 |     5
1A8 |     5 |    -6
1A9 |     3 |    -4
1AA |    -7 |    11
1AB |     2 |     2
1AC |   -10 |   -11
1AD |     4 |     4
1AE |   -16 |    10
1AF |    11 |   -13
1B0 |   -10 |     8
1B1 |    -6 |   -12
1B2 |     9 |     3
1B3 |     8 |    15
1B4 |    10 |   -12
1B5 |    12 |   -12
1B6 |   -13 |     8
1B7 |   -10 |     2
1B8 |    -3 |    -2
1B9 |    13 |     5
1BA |    15 |    -4
1BB |    11 |    15
1BC |     9 |     1
1BD |    11 |    13
1BE |     6 |    -3
1BF |     2 |    13
1C0 |    12 |   -14
1C1 |    11 |    -4
1C2 |    -7 |     7
1C3 |    -1 |    11
1C4 |     1 |     5
1C5 |     6 |    15
1C6 |    -2 |    11
1C7 |    -9 |   -15
1C8 |   -14 |     8
1C9 |   -16 |   -12
1CA |    -4 |     8
1CB |    -2 |    12
1CC |   -15 |   -10
1CD |    10 |    10
1CE |    10 |     1
1CF |     5 |    12
1D0 |    -5 |    -8
1D1 |   -11 |   -15
1D2 |    13 |    -8
1D3 |    -5 |    10
1D4 |    -7 |    15
1D5 |    -9 |     2
1D6 |   -10 |    10
1D7 |    -1 |    10
1D8 |    -8 |    -6
1D9 |    10 |    -3
1DA |    -4 |    14
1DB |     4 |     3
1DC |    14 |     3
1DD |     9 |     3
1DE |     8 |     9
1DF |     9 |    13
1E0 |     8 |   -14
1E1 |   -13 |    14
1E2 |    -1 |   -11
1E3 |   -15 |     8
1E4 |     7 |    13
1E5 |    -3 |     6
1E6 |    13 |   -10
1E7 |     0 |    -7
1E8 |    14 |     3
1E9 |   -11 |    14
1EA |    13 |    -8
1EB |    -5 |    11
1EC |    10 |     1
1ED |    -7 |   -13
1EE |   -14 |     0
1EF |    10 |     4
1F0 |     1 |   -15
1F1 |     1 |    -1
1F2 |    15 |     8
1F3 |   -13 |   -11
1F4 |   -16 |    14
1F5 |    -1 |    12
1F6 |    -1 |   -12
1F7 |     5 |    -9
1F8 |    -2 |    11
1F9 |   -13 |   -13
1FA |     4 |   -13
1FB |     2 |     1
1FC |    10 |    -2
1FD |     4 |     3
1FE |    12 |     7
1FF |    11 |    10
200 |    13 |     7
201 |   -15 |     7
202 |    10 |   -11
203 |   -16 |    10
204 |     7 |     7
205 |   -11 |     5
206 |     5 |    14
207 |     4 |     8
208 |    -6 |   -16
209 |    -8 |   -12
20A |     6 |    -1
20B |   -10 |   -15
20C |    -8 |     8
20D |     2 |     1
20E |    -4 |    11
20F |     3 |   -13
210 |     2 |     8
211 |   -11 |    -4
212 |   -11 |   -13
213 |     9 |     3
214 |    -9 |    -3
215 |     7 |    -7
216 |     0 |     6
217 |    -6 |    -4
218 |     2 |     6
219 |     3 |   -13
21A |    -3 |   -16
21B |    12 |    -1
21C |     8 |   -10
21D |    -1 |    13
21E |    12 |    -6
21F |    -5 |    -4
220 |     7 |   -12
221 |    -6 |    -5
222 |    -6 |    -3
223 |    14 |    -1
224 |    -7 |   -16
225 |     6 |     2
226 |    -2 |     9
227 |    10 |    -3
228 |    -2 |    -7
229 |    15 |     4
22A |    -8 |     6
22B |    -8 |     5
22C |    12 |    -2
22D |   -13 |    -2
22E |   -11 |    -2
22F |     3 |    -4
230 |     0 |     7
231 |    -3 |   -10
232 |    10 |     5
233 |   -12 |   -11
234 |     6 |     3
235 |    -7 |     0
236 |    15 |    12
237 |    14 |    -2
238 |    -2 |    15
239 |   -13 |     3
23A |   -12 |     3
23B |    -8 |     5
23C |     2 |    -1
23D |     0 |     4
23E |    15 |     8
23F |   -14 |    10
240 |     6 |   -13
241 |   -14 |     8
242 |   -14 |    -5
243 |   -10 |     0
244 |   -14 |     8
245 |   -16 |    -1
246 |    -3 |    -9
247 |     2 |     4
248 |    13 |     0
249 |     2 |   -16
24A |   -16 |    13
24B |   -14 |   -12
24C |    10 |   -10
24D |    12 |     4
24E |    -7 |    10
24F |   -13 |     5
250 |   -13 |     6
251 |   -15 |    -1
252 |     1 |    13
253 |     9 |    -5
254 |     5 |   -12
255 |   -14 |    -4
256 |     3 |     4
257 |     4 |   -15
258 |    11 |     3
259 |   -11 |   -10
25A |    13 |     6
25B |     0 |   -11
25C |     5 |     6
25D |     2 |   -11
25E |    15 |    -2
25F |   -15 |    -6
260 |    -5 |   -14
261 |     4 |    14
262 |   -11 |    10
263 |     2 |    -4
264 |    12 |    15
265 |   -10 |     3
266 |     1 |    -5
267 |    -7 |    12
268 |    -5 |     5
269 |   -10 |    -3
26A |    -1 |   -11
26B |   -15 |    13
26C |     9 |    -8
26D |    -2 |    -8
26E |   -11 |    -2
26F |     0 |     0
270 |   -11 |     4
271 |   -10 |    12
272 |    12 |    11
273 |     2 |     2
274 |     8 |     4
275 |    -9 |    -9
276 |    -7 |    -4
277 |    13 |   -15
278 |    15 |   -16
279 |   -16 |     8
27A |     8 |    10
27B |    14 |    -5
27C |   -13 |    13
27D |   -16 |     9
27E |     1 |    -5
27F |    -5 |   -11
280 |    -7 |    -2
281 |    -3 |     1
282 |    -2 |    -9
283 |     1 |     2
284 |    15 |    10
285 |    12 |     2
286 |    13 |   -15
287 |    -2 |   -11
288 |     7 |    12
289 |   -11 |     6
28A |    11 |    -3
28B |   -14 |    -3
28C |    -4 |   -15
28D |    11 |    -4
28E |     4 |   -16
28F |    -5 |    -5
290 |     7 |    -5
291 |    13 |    11
292 |     2 |     8
293 |   -14 |     8
294 |   -11 |     1
295 |     2 |   -15
296 |    -3 |    -8
297 |    -1 |    -9
298 |   -15 |   -11
299 |   -12 |   -11
29A |    -1 |     6
29B |    13 |    -9
29C |    -2 |    -2
29D |    -9 |    -3
29E |    -7 |    -3
29F |    -9 |     2
2A0 |    -2 |    11
2A1 |     1 |    -7
2A2 |    12 |    12
2A3 |   -14 |    -4
2A4 |    -2 |    10
2A5 |    -3 |    11
2A6 |   -14 |   -16
2A7 |     2 |    14
2A8 |     2 |    -4
2A9 |     2 |     1
2AA |    -5 |     4
2AB |    14 |    13
2AC |     7 |    11
2AD |    -5 |     2
2AE |    11 |   -16
2AF |     1 |    -3
2B0 |    -1 |   -13
2B1 |    -5 |    10
2B2 |    -1 |   -10
2B3 |   -12 |   -13
2B4 |    -6 |     0
2B5 |    -6 |    10
2B6 |   -12 |     5
2B7 |     4 |   -13
2B8 |    -6 |    -9
2B9 |    -1 |   -16
2BA |   -14 |    15
2BB |     9 |   -10
2BC |   -12 |    -7
2BD |    -1 |    13
2BE |     1 |    -8
2BF |    13 |    -9
2C0 |     2 |    -7
2C1 |    -1 |   -10
2C2 |     9 |   -12
2C3 |    -2 |    -5
2C4 |    -4 |     0
2C5 |    12 |   -14
2C6 |     8 |    -8
2C7 |    -5 |   -10
2C8 |    -7 |    -1
2C9 |   -15 |    10
2CA |     9 |   -12
2CB |    -2 |     1
2CC |    -4 |   -14
2CD |     9 |    14
2CE |    -1 |   -10
2CF |    -2 |     3
2D0 |     8 |     7
2D1 |    -9 |    11
2D2 |     2 |    -5
2D3 |     3 |     9
2D4 |   -11 |    -3
2D5 |    11 |   -14
2D6 |    15 |    12
2D7 |    -3 |   -15
2D8 |    -5 |    -3
2D9 |    15 |     5
2DA |     5 |     9
2DB |    -6 |    14
2DC |     1 |    10
2DD |    -6 |    -2
2DE |   -14 |   -13
2DF |    -9 |     5
2E0 |     8 |     1
2E1 |     2 |    15
2E2 |     3 |    -5
2E3 |    13 |     8
2E4 |    11 |    -5
2E5 |   -12 |     5
2E6 |    -7 |    12
2E7 |    -2 |     2
2E8 |    -8 |    11
2E9 |    -1 |    13
2EA |    12 |     4
2EB |     8 |     6
2EC |   -11 |    15
2ED |   -12 |    15
2EE |    -4 |    -8
2EF |   -14 |   -13
2F0 |   -10 |    -4
2F1 |     8 |     5
2F2 |    11 |    14
2F3 |    -8 |    -7
2F4 |    -8 |   -11
2F5 |    -5 |    -6
2F6 |     2 |   -14
2F7 |   -10 |    -7
2F8 |   -11 |    14
2F9 |    -3 |    13
2FA |    -6 |    12
2FB |    -8 |    -9
2FC |    -3 |     1
2FD |    -2 |     2
2FE |   -11 |    -4
2FF |    -5 |   -10
300 |    -2 |    12
301 |    -2 |   -10
302 |   -12 |    14
303 |    14 |    -3
304 |     1 |     0
305 |     3 |    -3
306 |     3 |    -1
307 |   -10 |   -13
308 |     0 |    15
309 |     5 |     3
30A |    -1 |   -11
30B |     9 |    -3
30C |   -11 |    -8
30D |   -10 |     4
30E |    -7 |     3
30F |     8 |    11
310 |    14 |    13
311 |     6 |    -6
312 |     6 |    13
313 |   -13 |     4
314 |    15 |     2
315 |   -11 |    15
316 |   -16 |    -5
317 |     1 |    10
318 |    -8 |     9
319 |   -13 |    -1
31A |    -7 |    13
31B |     0 |     7
31C |     9 |   -16
31D |     1 |   -15
31E |    -1 |    -1
31F |   -13 |    -2
320 |    -6 |     4
321 |   -11 |    -9
322 |   -13 |   -16
323 |    -5 |     8
324 |    -2 |    -1
325 |    15 |   -12
326 |     7 |     9
327 |     1 |    -8
328 |    13 |    13
329 |     5 |     1
32A |    -6 |     1
32B |    -7 |    -1
32C |    -1 |    -9
32D |    12 |   -13
32E |    15 |     7
32F |    13 |     0
330 |    14 |    12
331 |    -6 |    -4
332 |   -13 |    -3
333 |     5 |   -11
334 |     6 |   -16
335 |     3 |   -15
336 |    14 |   -16
337 |     3 |    14
338 |     9 |   -10
339 |     3 |    13
33A |   -15 |     1
33B |    -5 |    11
33C |     3 |    -9
33D |    12 |    13
33E |    -9 |   -16
33F |     9 |     7
340 |     6 |   -14
341 |     0 |    -9
342 |    14 |     2
343 |     5 |     5
344 |    13 |    12
345 |   -10 |     6
346 |     9 |   -16
347 |    -7 |    -8
348 |    -4 |   -16
349 |   -14 |    13
34A |    -7 |    -8
34B |     1 |   -12
34C |    11 |     6
34D |     7 |     7
34E |    -3 |     5
34F |     4 |    -1
350 |     4 |     6
351 |     1 |    12
352 |   -15 |     1
353 |    -4 |   -12
354 |     4 |   -12
355 |    13 |   -13
356 |     3 |    12
357 |   -10 |    -2
358 |    -3 |     9
359 |     3 |     3
35A |   -12 |    12
35B |   -12 |   -16
35C |     6 |   -16
35D |   -10 |    -2
35E |     5 |    12
35F |    -1 |   -15
360 |     6 |     1
361 |    12 |     9
362 |     7 |    12
363 |   -12 |    -8
364 |   -15 |   -14
365 |   -11 |    15
366 |   -11 |     5
367 |    -5 |    12
368 |    14 |   -11
369 |    -1 |     2
36A |    -3 |    -6
36B |   -14 |    -2
36C |     1 |     8
36D |   -14 |    15
36E |     4 |     5
36F |     8 |     5
370 |    -8 |     5
371 |   -10 |     6
372 |    14 |    -6
373 |    -3 |    -4
374 |    -5 |    11
375 |    -5 |     8
376 |    -4 |    -3
377 |    12 |     2
378 |     9 |     9
379 |    -1 |    -1
37A |    10 |     2
37B |    -1 |    -6
37C |     3 |   -13
37D |     5 |   -15
37E |    -5 |     4
37F |    14 |    15
380 |    12 |   -10
381 |   -12 |     8
382 |   -12 |     0
383 |    -8 |     4
384 |    -3 |    -4
385 |    15 |     9
386 |     6 |   -10
387 |     6 |    10
388 |    15 |    -9
389 |    -6 |   -13
38A |     8 |     8
38B |     8 |   -14
38C |    -5 |     9
38D |    -9 |     8
38E |    -9 |   -14
38F |    -9 |    15
390 |    15 |    -8
391 |     7 |     7
392 |    -2 |    15
393 |   -16 |    -3
394 |    -9 |    -3
395 |   -14 |    14
396 |    -3 |   -15
397 |    -9 |    -6
398 |   -16 |    -6
399 |     7 |   -16
39A |    13 |     7
39B |     0 |     2
39C |     5 |     8
39D |    11 |     4
39E |     4 |    -1
39F |   -16 |    10
3A0 |    10 |    12
3A1 |    -9 |   -11
3A2 |     8 |    -1
3A3 |    15 |     5
3A4 |   -11 |     1
3A5 |    -6 |     3
3A6 |   -15 |     9
3A7 |   -10 |   -13
3A8 |    -2 |     1
3A9 |    -2 |    12
3AA |   -11 |    14
3AB |     3 |    -4
3AC |     4 |    -9
3AD |    14 |    12
3AE |    -6 |    13
3AF |     0 |    -2
3B0 |     7 |    13
3B1 |    -1 |    14
3B2 |     7 |    -1
3B3 |   -13 |    15
3B4 |   -14 |     6
3B5 |     6 |     1
3B6 |    -8 |   -13
3B7 |    -5 |    10
3B8 |    11 |    10
3B9 |    -6 |    -3
3BA |    14 |     8
3BB |     7 |    -1
3BC |     2 |     7
3BD |    -7 |     9
3BE |    12 |    -1
3BF |    14 |    -2
3C0 |    -9 |    -6
3C1 |    -4 |    -8
3C2 |     9 |    12
3C3 |    -9 |    -7
3C4 |    14 |     9
3C5 |     9 |    13
3C6 |    14 |    -2
3C7 |     5 |    -9
3C8 |   -16 |     0
3C9 |   -13 |    10
3CA |    14 |    -8
3CB |    12 |     2
3CC |    -5 |     3
3CD |   -12 |    -2
3CE |    -8 |   -12
3CF |     8 |    14
3D0 |   -16 |     0
3D1 |     7 |    -7
3D2 |    -3 |     6
3D3 |    -2 |   -11
3D4 |    -9 |    -1
3D5 |   -14 |    13
3D6 |    -2 |    -9
3D7 |    14 |   -13
3D8 |   -14 |     1
3D9 |   -12 |     2
3DA |    -1 |     5
3DB |     0 |    14
3DC |   -10 |   -15
3DD |   -16 |     6
3DE |    13 |   -10
3DF |   -16 |   -11
3E0 |    13 |   -14
3E1 |     3 |   -16
3E2 |   -10 |    -8
3E3 |     6 |     7
3E4 |   -11 |     5
3E5 |   -13 |     6
3E6 |    -5 |   -16
3E7 |    -5 |    -5
3E8 |     6 |     2
3E9 |    -6 |     3
3EA |    -6 |    14
3EB |    15 |     1
3EC |   -11 |   -11
3ED |     6 |   -13
3EE |   -10 |    -8
3EF |   -16 |    12
3F0 |   -10 |    -3
3F1 |    12 |     7
3F2 |     9 |    10
3F3 |     9 |    -9
3F4 |    -7 |    -6
3F5 |    -6 |    -6
3F6 |     5 |    -9
3F7 |     2 |    -2
3F8 |   -16 |     6
3F9 |     6 |   -12
3FA |     1 |   -11
3FB |   -10 |     0
3FC |     6 |    -9
3FD |    -1 |     8
3FE |    -5 |    -7
3FF |    13 |    -4
400 |     9 |     6
401 |    14 |    11
402 |     8 |     8
403 |   -10 |     0
404 |     6 |   -13
405 |    13 |   -12
406 |    -1 |   -13
407 |   -16 |     1
408 |     8 |    11
409 |    12 |    -8
40A |    11 |   -14
40B |     6 |    13
40C |   -11 |    -9
40D |    11 |    13
40E |     2 |     5
40F |    10 |     8
410 |   -13 |     4
411 |     1 |     6
412 |    13 |    -3
413 |   -13 |     9
414 |     6 |     5
415 |    13 |   -15
416 |     7 |     9
417 |     3 |    13
418 |    -2 |     6
419 |    15 |     5
41A |    -7 |    -9
41B |    -6 |    -8
41C |    11 |     0
41D |    -5 |    11
41E |    10 |     2
41F |    -7 |   -14
420 |    15 |    -1
421 |     0 |     3
422 |   -13 |    -1
423 |   -15 |   -15
424 |    -7 |    12
425 |   -16 |     2
426 |   -15 |     6
427 |    -7 |    -4
428 |    13 |   -12
429 |   -15 |   -14
42A |    12 |     4
42B |    -3 |    -2
42C |    -8 |     1
42D |    -3 |    14
42E |    -9 |     8
42F |    12 |    11
430 |    -5 |   -14
431 |    10 |    13
432 |   -12 |    13
433 |     7 |    13
434 |    -5 |    -1
435 |     0 |    -9
436 |     7 |     0
437 |    10 |    11
438 |     5 |     1
439 |     0 |    -5
43A |   -14 |    -1
43B |     0 |   -10
43C |   -10 |     0
43D |     2 |     1
43E |    -8 |     1
43F |    11 |   -16
440 |    14 |   -11
441 |    -4 |   -16
442 |     4 |    14
443 |    12 |    -6
444 |     8 |    13
445 |    -4 |     6
446 |     2 |   -14
447 |     0 |    -6
448 |   -11 |   -16
449 |    11 |   -10
44A |    -2 |   -11
44B |    -7 |     6
44C |   -10 |    11
44D |    -6 |     3
44E |     3 |     4
44F |   -10 |    11
450 |     7 |    -6
451 |    -1 |   -11
452 |    -5 |    -9
453 |     8 |    -4
454 |     6 |    12
455 |     3 |    -5
456 |     5 |    -2
457 |     9 |    -8
458 |    -7 |   -16
459 |    -1 |     7
45A |   -12 |   -14
45B |    13 |    -8
45C |     5 |    -1
45D |   -14 |    10
45E |     3 |   -14
45F |    -2 |    10
460 |   -12 |     1
461 |   -13 |   -14
462 |    10 |    -9
463 |    -4 |     3
464 |    -9 |    -7
465 |    -6 |    -7
466 |     7 |   -10
467 |    -5 |     2
468 |   -10 |    -8
469 |    13 |    -2
46A |    -4 |    -1
46B |     0 |   -15
46C |     4 |    -6
46D |    14 |    13
46E |    14 |    14
46F |    -6 |    -9
470 |     4 |     7
471 |   -11 |     9
472 |    -1 |   -11
473 |     4 |    -7
474 |    14 |   -11
475 |     0 |    15
476 |     3 |   -15
477 |     4 |   -12
478 |     2 |   -12
479 |     6 |    11
47A |     8 |    -8
47B |     1 |     1
47C |    10 |     4
47D |     1 |    14
47E |   -11 |    13
47F |    13 |     8
480 |    -1 |     2
481 |    -4 |    13
482 |    15 |     0
483 |     3 |   -15
484 |   -15 |     4
485 |    -3 |   -10
486 |   -11 |     8
487 |   -16 |     4
488 |   -13 |     9
489 |     1 |   -12
48A |     0 |     7
48B |     5 |     0
48C |     9 |     5
48D |   -10 |   -14
48E |     5 |    -2
48F |    10 |     6
490 |     5 |    14
491 |     6 |   -14
492 |    -8 |     8
493 |    13 |   -16
494 |     5 |    -6
495 |     4 |    -4
496 |    -1 |     0
497 |    -9 |   -16
498 |    -1 |    14
499 |    10 |    12
49A |    -9 |    -4
49B |    -2 |     2
49C |    -8 |    11
49D |    10 |   -10
49E |    -1 |     2
49F |    -5 |    11
4A0 |     7 |    15
4A1 |   -13 |   -12
4A2 |    11 |    -1
4A3 |    -9 |     1
4A4 |    -7 |     2
4A5 |     0 |    14
4A6 |    14 |     8
4A7 |   -14 |     1
4A8 |    -7 |    -8
4A9 |   -14 |    -7
4AA |     8 |    -5
4AB |    12 |    11
4AC |     2 |    12
4AD |    -3 |    12
4AE |    -3 |    14
4AF |    -5 |   -14
4B0 |    -3 |   -14
4B1 |    -1 |    -2
4B2 |    14 |   -13
4B3 |    14 |    -1
4B4 |     8 |    -4
4B5 |    13 |     5
4B6 |    -2 |    15
4B7 |    10 |    -1
4B8 |    -3 |    -2
4B9 |    -5 |    -2
4BA |     9 |    -7
4BB |   -12 |    -8
4BC |     0 |     3
4BD |     2 |    10
4BE |     9 |   -13
4BF |    -4 |   -10
4C0 |    -8 |   -12
4C1 |    -8 |   -15
4C2 |     1 |   -16
4C3 |    -3 |   -14
4C4 |    10 |     7
4C5 |     9 |     9
4C6 |     8 |    -4
4C7 |   -12 |     1
4C8 |     0 |     2
4C9 |     1 |    13
4CA |   -11 |     7
4CB |     2 |     1
4CC |     6 |    15
4CD |   -10 |     2
4CE |     5 |     5
4CF |    14 |   -12
4D0 |   -15 |    -3
4D1 |     4 |     3
4D2 |    -1 |   -15
4D3 |    -8 |     2
4D4 |    -1 |   -16
4D5 |    14 |    -7
4D6 |    11 |    12
4D7 |   -10 |   -16
4D8 |     7 |     9
4D9 |   -10 |   -15
4DA |     8 |   -15
4DB |   -15 |     4
4DC |    -9 |    11
4DD |    12 |     5
4DE |   -16 |     3
4DF |     4 |    10
4E0 |     3 |    -7
4E1 |     6 |     4
4E2 |    -8 |     4
4E3 |    -9 |     9
4E4 |     1 |     4
4E5 |   -12 |    11
4E6 |     6 |    -7
4E7 |    -4 |    12
4E8 |    -2 |    11
4E9 |    13 |     0
4EA |     5 |     2
4EB |    -9 |    -2
4EC |     9 |    12
4ED |    -2 |    15
4EE |     5 |   -13
4EF |    -9 |   -12
4F0 |     2 |    -1
4F1 |     3 |    12
4F2 |    14 |   -10
4F3 |    10 |   -14
4F4 |   -14 |     1
4F5 |     0 |   -11
4F6 |   -15 |     3
4F7 |    15 |    -8
4F8 |    -9 |     3
4F9 |   -16 |    -1
4FA |   -10 |     4
4FB |    -6 |     1
4FC |     2 |    -8
4FD |   -10 |    -2
4FE |     2 |     1
4FF |    -5 |    -8
500 |     4 |   -11
501 |   -12 |   -12
502 |   -10 |     1
503 |   -13 |    13
504 |    -1 |    -5
505 |     4 |    15
506 |    14 |     4
507 |     3 |     9
508 |    -4 |     1
509 |     2 |    -8
50A |     1 |    -3
50B |    15 |     8
50C |    -7 |    -1
50D |     5 |    -6
50E |    -1 |     7
50F |   -10 |     8
510 |   -13 |    -9
511 |    -6 |    10
512 |   -10 |   -14
513 |    -6 |     6
514 |   -14 |    14
515 |    10 |     0
516 |    -9 |     3
517 |     8 |    -1
518 |   -11 |    -1
519 |     2 |     5
51A |     0 |     9
51B |   -15 |    10
51C |   -14 |     4
51D |     8 |    -9
51E |     4 |     8
51F |   -10 |    -8
520 |    10 |    -3
521 |    -8 |    -2
522 |     0 |   -14
523 |    -5 |   -14
524 |     4 |    -7
525 |   -14 |     2
526 |     7 |   -13
527 |    -4 |   -10
528 |    -2 |     1
529 |     7 |    10
52A |   -11 |     2
52B |   -16 |   -10
52C |   -15 |    -7
52D |     0 |   -14
52E |    12 |   -16
52F |    -6 |    10
530 |    14 |   -15
531 |    11 |    12
532 |    -2 |    13
533 |   -13 |    -1
534 |    13 |    13
535 |     4 |    -6
536 |     3 |     7
537 |    -5 |   -10
538 |   -15 |     4
539 |   -10 |    -4
53A |   -13 |    13
53B |   -13 |    -3
53C |     5 |    -6
53D |   -16 |     1
53E |    10 |   -15
53F |     6 |    -6
540 |     8 |    -8
541 |    -8 |   -16
542 |     0 |     6
543 |     8 |   -16
544 |     8 |   -14
545 |     3 |    -3
546 |    -7 |     3
547 |    -2 |   -16
548 |    -9 |    -9
549 |    -4 |    14
54A |    12 |    -4
54B |    12 |     3
54C |   -12 |    12
54D |     4 |     5
54E |    -8 |   -13
54F |    -4 |    -7
550 |    -8 |     5
551 |    13 |     5
552 |    -1 |     9
553 |    -5 |   -15
554 |    10 |   -10
555 |    -8 |    13
556 |     9 |     6
557 |    -4 |    11
558 |     4 |     3
559 |    13 |    -9
55A |    11 |    -1
55B |    11 |    12
55C |     0 |     3
55D |   -16 |     5
55E |   -10 |   -12
55F |    11 |     6
560 |    -8 |     0
561 |     4 |     2
562 |     4 |    12
563 |    -1 |   -12
564 |     6 |     8
565 |     6 |     2
566 |   -13 |    -1
567 |    -4 |   -14
568 |     2 |     8
569 |    11 |    -3
56A |    -7 |     1
56B |     7 |     1
56C |    12 |   -14
56D |    -4 |    13
56E |     4 |    -7
56F |    12 |     4
570 |   -12 |     1
571 |    15 |    -9
572 |   -16 |     1
573 |    12 |   -16
574 |    -5 |     7
575 |   -11 |    10
576 |    12 |     7
577 |   -15 |     6
578 |   -13 |    -7
579 |   -12 |    10
57A |     9 |     7
57B |   -15 |   -12
57C |    -7 |    -7
57D |    12 |     2
57E |    15 |     4
57F |     0 |    15
580 |     8 |    13
581 |    12 |     4
582 |     3 |    -5
583 |   -14 |   -12
584 |    -7 |   -15
585 |   -14 |    12
586 |     7 |    -5
587 |    -3 |    -2
588 |    -1 |   -15
589 |     7 |     1
58A |    10 |    15
58B |    15 |    10
58C |    12 |    11
58D |    15 |    -9
58E |     2 |   -10
58F |    -2 |    12
590 |    15 |     3
591 |   -11 |     5
592 |    13 |     9
593 |    14 |   -10
594 |   -12 |   -12
595 |    14 |   -10
596 |    -3 |     4
597 |    -4 |     1
598 |     6 |    -1
599 |     7 |     2
59A |     2 |    -5
59B |     6 |     0
59C |     2 |   -14
59D |    -1 |    -1
59E |   -11 |   -15
59F |    -7 |     8
5A0 |    -7 |    15
5A1 |   -10 |    -3
5A2 |    11 |    12
5A3 |    -7 |    11
5A4 |    -2 |    -4
5A5 |     3 |   -12
5A6 |   -10 |    -8
5A7 |   -12 |   -15
5A8 |   -12 |    -4
5A9 |    14 |    -7
5AA |     8 |     7
5AB |    11 |     4
5AC |    -6 |   -12
5AD |     7 |     4
5AE |    -4 |   -11
5AF |    -6 |   -10
5B0 |     9 |    -4
5B1 |   -14 |   -10
5B2 |    15 |    -2
5B3 |   -13 |    12
5B4 |    -7 |    14
5B5 |     3 |    -6
5B6 |    -8 |    14
5B7 |    15 |     3
5B8 |     2 |     4
5B9 |     3 |   -12
5BA |   -14 |     3
5BB |   -12 |    15
5BC |     9 |    11
5BD |    -3 |     8
5BE |    13 |     0
5BF |    -5 |   -16
5C0 |    -1 |    14
5C1 |    12 |    -6
5C2 |     4 |     3
5C3 |   -16 |     7
5C4 |   -12 |    -1
5C5 |    15 |     8
5C6 |    -4 |     4
5C7 |    -9 |    -6
5C8 |    -9 |    -5
5C9 |   -13 |   -14
5CA |    -9 |    -2
5CB |    12 |     7
5CC |    12 |    14
5CD |    12 |    -3
5CE |    -2 |     7
5CF |     7 |   -15
5D0 |    -8 |    -4
5D1 |    13 |     2
5D2 |    13 |    -3
5D3 |   -15 |     5
5D4 |    10 |     5
5D5 |     6 |    12
5D6 |    -9 |     0
5D7 |    -1 |     1
5D8 |     5 |   -10
5D9 |    -2 |    -6
5DA |     7 |     9
5DB |    11 |   -10
5DC |     8 |     1
5DD |    -8 |   -11
5DE |    15 |   -14
5DF |    -3 |     4
5E0 |    -3 |   -11
5E1 |     8 |     9
5E2 |    -5 |     4
5E3 |     3 |    -4
5E4 |    -5 |    11
5E5 |   -10 |   -14
5E6 |     2 |    -9
5E7 |    -5 |     1
5E8 |   -16 |    -6
5E9 |    -3 |   -10
5EA |    -6 |     8
5EB |    -4 |    -8
5EC |     4 |     2
5ED |     2 |   -13
5EE |    -7 |    -7
5EF |     4 |   -16
5F0 |     1 |     7
5F1 |    -4 |   -10
5F2 |     6 |    10
5F3 |    -5 |   -16
5F4 |     3 |    -8
5F5 |    13 |   -10
5F6 |    -2 |    15
5F7 |   -12 |    -6
5F8 |    -9 |   -11
5F9 |    -7 |     8
5FA |    -4 |    13
5FB |     9 |    12
5FC |     3 |     7
5FD |     9 |   -10
5FE |    11 |    15
5FF |    -1 |    -9
